1005 1392.0 287.0
1017 1383.0 283.0
1028 1360.0 272.0
1040 1323.0 257.0
1052 1274.0 242.0
1064 1220.0 232.0
1075 1172.0 228.0
1087 1119.0 226.0
1099 1063.0 227.0
1111 1005.0 230.0
1123 946.0 236.0
1134 885.0 243.0
1146 824.0 253.0
1158 762.0 266.0
1170 701.0 282.0
1182 641.0 299.0
1193 582.0 318.0
1205 526.0 338.0
1217 472.0 358.0
1229 423.0 379.0
1241 376.0 399.0
1253 334.0 419.0
1264 294.0 440.0
1276 256.0 463.0
1288 221.0 487.0
1300 190.0 513.0
1312 164.0 539.0
1324 143.0 566.0
1336 127.0 592.0
1347 118.0 619.0
1359 114.0 645.0
1371 115.0 672.0
1383 121.0 698.0
1395 133.0 723.0
1407 151.0 748.0
1419 175.0 771.0
1431 204.0 793.0
1443 239.0 813.0
1455 278.0 832.0
1467 322.0 849.0
1478 371.0 866.0
1490 424.0 881.0
1502 481.0 896.0
1514 542.0 909.0
1526 607.0 921.0
1538 675.0 931.0
1550 746.0 938.0
1562 820.0 942.0
1574 896.0 944.0
1586 973.0 944.0
1597 1052.0 944.0
1609 1132.0 941.0
1621 1213.0 938.0
1633 1292.0 932.0
1645 1368.0 923.0
1657 1441.0 912.0
1669 1510.0 898.0
1681 1574.0 881.0
1693 1632.0 862.0
1705 1682.0 841.0
1717 1725.0 820.0
1728 1761.0 798.0
1740 1791.0 777.0
1752 1814.0 756.0
1764 1830.0 734.0
1776 1842.0 711.0
1788 1848.0 687.0
1799 1850.0 660.0
1811 1847.0 631.0
1823 1840.0 599.0
1835 1828.0 566.0
1847 1811.0 532.0
1859 1788.0 497.0
1870 1760.0 464.0
1882 1725.0 432.0
1894 1682.0 402.0
1906 1631.0 374.0
1918 1574.0 349.0
1929 1512.0 325.0
1941 1448.0 304.0
1953 1380.0 286.0
1965 1311.0 269.0
1976 1239.0 254.0
1988 1165.0 240.0
2000 1092.0 230.0
2012 1017.0 221.0
2024 940.0 216.0
2036 863.0 215.0
2047 785.0 218.0
2059 708.0 227.0
2071 631.0 239.0
2083 556.0 256.0
2094 485.0 276.0
2107 418.0 299.0
2118 356.0 326.0
2130 301.0 355.0
2142 252.0 385.0
2154 210.0 417.0
2165 174.0 449.0
2177 147.0 483.0
2189 127.0 518.0
2201 115.0 552.0
2213 110.0 588.0
2225 111.0 624.0
2237 117.0 661.0
2249 130.0 696.0
2260 147.0 730.0
2272 169.0 763.0
2284 196.0 795.0
2296 229.0 825.0
2308 270.0 851.0
2320 318.0 873.0
2332 372.0 892.0
2344 432.0 906.0
2356 497.0 917.0
2368 565.0 926.0
2380 637.0 933.0
2391 711.0 938.0
2403 787.0 942.0
2415 865.0 945.0
2427 945.0 947.0
2439 1026.0 946.0
2451 1106.0 944.0
2463 1185.0 939.0
2475 1260.0 930.0
2487 1332.0 917.0
2499 1401.0 901.0
2511 1468.0 881.0
2523 1532.0 858.0
2534 1593.0 832.0
2546 1651.0 805.0
2558 1702.0 779.0
2570 1745.0 752.0
2582 1780.0 726.0
2594 1807.0 700.0
2606 1827.0 672.0
2617 1840.0 644.0
2629 1847.0 615.0
2641 1847.0 585.0
2653 1842.0 555.0
2665 1830.0 525.0
2677 1810.0 494.0
2689 1784.0 463.0
2700 1751.0 432.0
2712 1711.0 402.0
2724 1665.0 374.0
2736 1614.0 346.0
2748 1557.0 320.0
2759 1496.0 294.0
2771 1430.0 271.0
2783 1361.0 251.0
2795 1289.0 233.0
2807 1215.0 218.0
2818 1139.0 207.0
2830 1060.0 200.0
2842 969.0 196.0
2853 869.0 198.0
2865 767.0 208.0
2877 669.0 227.0
2889 573.0 253.0
2901 483.0 286.0
2913 417.0 315.0
2924 352.0 349.0
2936 292.0 385.0
2948 239.0 422.0
2960 194.0 458.0
2972 156.0 493.0
2984 122.0 532.0
2996 93.0 572.0
3008 70.0 613.0
3020 54.0 653.0
3031 46.0 692.0
3043 45.0 728.0
3055 52.0 763.0
3067 65.0 795.0
3079 86.0 825.0
3091 114.0 852.0
3103 149.0 877.0
3115 191.0 899.0
3127 239.0 917.0
3138 292.0 932.0
3150 351.0 945.0
3162 415.0 954.0
3174 483.0 962.0
3186 555.0 967.0
3198 631.0 971.0
3210 711.0 974.0
3222 805.0 974.0
3234 908.0 974.0
3246 987.0 971.0
3258 1056.0 968.0
3270 1129.0 962.0
3282 1207.0 953.0
3294 1287.0 942.0
3306 1366.0 927.0
3318 1442.0 909.0
3329 1516.0 890.0
3341 1585.0 869.0
3353 1648.0 849.0
3365 1705.0 829.0
3377 1755.0 809.0
3389 1800.0 789.0
3401 1839.0 768.0
3412 1872.0 745.0
3425 1896.0 721.0
3436 1909.0 697.0
3448 1915.0 673.0
3460 1916.0 649.0
3472 1914.0 625.0
3484 1908.0 599.0
3496 1895.0 571.0
3507 1871.0 543.0
3519 1839.0 514.0
3531 1802.0 484.0
3543 1761.0 453.0
3555 1717.0 422.0
3566 1669.0 391.0
3578 1617.0 359.0
3590 1559.0 329.0
3602 1497.0 300.0
3614 1430.0 275.0
3625 1359.0 253.0
3637 1285.0 234.0
3649 1209.0 221.0
3661 1132.0 211.0
3672 1055.0 206.0
3684 977.0 204.0
3696 898.0 206.0
3708 820.0 212.0
3719 742.0 222.0
3731 664.0 237.0
3743 587.0 255.0
3755 512.0 277.0
3767 440.0 302.0
3779 373.0 330.0
3790 312.0 362.0
3802 257.0 395.0
3814 207.0 430.0
3826 165.0 466.0
3838 129.0 503.0
3850 101.0 542.0
3861 81.0 581.0
3873 69.0 619.0
3885 66.0 656.0
3897 70.0 691.0
3909 81.0 724.0
3921 99.0 755.0
3933 123.0 784.0
3945 154.0 811.0
3957 191.0 835.0
3969 234.0 855.0
3981 282.0 872.0
3992 336.0 886.0
4004 396.0 897.0
4016 460.0 905.0
4028 526.0 912.0
4040 596.0 918.0
4052 668.0 925.0
4064 741.0 930.0
4076 815.0 934.0
4087 891.0 936.0
4099 967.0 936.0
4112 1043.0 934.0
4123 1117.0 929.0
4135 1189.0 921.0
4147 1259.0 910.0
4159 1327.0 896.0
4171 1392.0 878.0
4182 1454.0 857.0
4195 1513.0 835.0
4206 1567.0 811.0
4218 1614.0 788.0
4230 1655.0 766.0
4242 1689.0 743.0
4254 1717.0 721.0
4266 1741.0 697.0
4277 1760.0 672.0
4289 1775.0 647.0
4301 1786.0 620.0
4313 1792.0 593.0
4325 1792.0 564.0
4336 1785.0 535.0
4348 1770.0 506.0
4360 1747.0 476.0
4372 1716.0 445.0
4384 1679.0 414.0
4396 1637.0 385.0
4407 1592.0 357.0
4419 1543.0 329.0
4431 1490.0 303.0
4443 1434.0 279.0
4455 1374.0 258.0
4467 1309.0 241.0
4478 1240.0 227.0
4490 1167.0 217.0
4502 1091.0 210.0
4514 1015.0 207.0
4525 939.0 208.0
4537 863.0 212.0
4549 786.0 220.0
4561 709.0 232.0
4573 632.0 247.0
4585 557.0 265.0
4596 485.0 286.0
4608 417.0 310.0
4620 354.0 336.0
4632 294.0 366.0
4644 238.0 398.0
4655 186.0 432.0
4667 140.0 468.0
4679 101.0 504.0
4691 70.0 542.0
4703 47.0 579.0
4715 31.0 615.0
4727 24.0 651.0
4739 23.0 686.0
4751 27.0 720.0
4762 38.0 753.0
4774 56.0 784.0
4786 82.0 813.0
4798 113.0 839.0
4810 151.0 862.0
4822 194.0 882.0
4834 242.0 899.0
4846 297.0 914.0
4858 355.0 926.0
4869 418.0 937.0
4881 483.0 946.0
4893 550.0 953.0
4905 618.0 959.0
4917 687.0 965.0
4929 757.0 968.0
4941 827.0 970.0
4953 899.0 970.0
4965 970.0 969.0
4976 1040.0 965.0
4988 1108.0 959.0
5000 1175.0 950.0
5012 1242.0 939.0
5024 1308.0 926.0
5036 1374.0 910.0
5048 1438.0 891.0
5060 1499.0 871.0
5071 1557.0 849.0
5084 1609.0 827.0
5095 1656.0 803.0
5107 1695.0 780.0
5119 1729.0 755.0
5131 1757.0 729.0
5143 1781.0 702.0
5155 1799.0 674.0
5167 1811.0 647.0
5178 1817.0 619.0
5190 1817.0 592.0
5202 1809.0 563.0
5214 1794.0 533.0
5225 1771.0 501.0
5237 1740.0 469.0
5249 1702.0 436.0
5261 1659.0 404.0
5273 1612.0 372.0
5285 1561.0 341.0
5296 1505.0 312.0
5308 1444.0 284.0
5320 1379.0 260.0
5332 1310.0 240.0
5343 1236.0 225.0
5355 1159.0 215.0
5367 1079.0 209.0
5379 998.0 209.0
5390 915.0 214.0
5402 821.0 224.0
5414 742.0 237.0
5426 665.0 252.0
5438 589.0 270.0
5450 515.0 292.0
5461 443.0 317.0
5473 376.0 343.0
5485 313.0 371.0
5497 255.0 401.0
5509 204.0 432.0
5520 159.0 465.0
5533 122.0 498.0
5544 91.0 533.0
5556 68.0 569.0
5568 53.0 604.0
5580 46.0 639.0
5592 47.0 675.0
5604 55.0 710.0
5616 70.0 744.0
5627 92.0 778.0
5639 119.0 810.0
5651 151.0 841.0
5663 188.0 869.0
5675 231.0 893.0
5687 278.0 915.0
5699 331.0 932.0
5711 388.0 946.0
5723 450.0 956.0
5735 518.0 964.0
5747 589.0 970.0
5758 664.0 974.0
5771 741.0 975.0
5782 821.0 974.0
5794 901.0 971.0
5806 982.0 966.0
5818 1061.0 959.0
5830 1140.0 949.0
5842 1218.0 938.0
5854 1295.0 925.0
5866 1370.0 910.0
5877 1442.0 892.0
5889 1513.0 874.0
5901 1579.0 854.0
5913 1640.0 834.0
5925 1692.0 814.0
5937 1736.0 794.0
5949 1771.0 772.0
5960 1798.0 750.0
5972 1819.0 727.0
5984 1834.0 702.0
5996 1844.0 676.0
6008 1848.0 648.0
6020 1846.0 619.0
6031 1838.0 588.0
6043 1824.0 557.0
6055 1805.0 524.0
6067 1781.0 491.0
6079 1754.0 459.0
6090 1722.0 427.0
6102 1684.0 396.0
6114 1642.0 368.0
6126 1594.0 341.0
6138 1542.0 318.0
6149 1484.0 297.0
6161 1422.0 279.0
6173 1356.0 264.0
6185 1289.0 252.0
6196 1219.0 243.0
6208 1146.0 237.0
6220 1071.0 234.0
6232 994.0 234.0
6244 916.0 237.0
6256 838.0 243.0
6267 758.0 251.0
6279 679.0 264.0
6291 601.0 281.0
6303 527.0 301.0
6314 455.0 323.0
6326 387.0 347.0
6339 322.0 375.0
6350 262.0 407.0
6362 208.0 442.0
6374 160.0 479.0
6386 119.0 517.0
6398 86.0 555.0
6410 61.0 592.0
6421 44.0 628.0
6434 35.0 663.0
6445 33.0 696.0
6457 37.0 729.0
6469 48.0 762.0
6481 65.0 795.0
6493 89.0 827.0
6505 118.0 858.0
6517 155.0 885.0
6529 198.0 910.0
6541 247.0 932.0
6553 301.0 951.0
6564 359.0 966.0
6576 421.0 979.0
6588 486.0 989.0
6600 553.0 995.0
6612 620.0 999.0
6624 689.0 1000.0
6636 758.0 999.0
6648 829.0 996.0
6660 900.0 990.0
6672 971.0 983.0
6683 1041.0 974.0
6695 1110.0 963.0
6707 1179.0 951.0
6719 1248.0 938.0
6731 1316.0 923.0
6743 1382.0 908.0
6755 1445.0 891.0
6767 1505.0 874.0
6779 1561.0 856.0
6791 1610.0 837.0
6803 1654.0 817.0
6814 1692.0 796.0
6826 1724.0 774.0
6838 1751.0 751.0
6850 1774.0 727.0
6862 1792.0 703.0
6874 1804.0 679.0
6885 1810.0 656.0
6897 1810.0 632.0
6909 1804.0 606.0
6921 1792.0 579.0
6933 1774.0 549.0
6945 1750.0 517.0
6956 1719.0 483.0
6968 1683.0 450.0
6980 1641.0 418.0
6992 1594.0 388.0
7004 1542.0 359.0
7015 1486.0 332.0
7027 1426.0 307.0
7039 1364.0 285.0
7051 1299.0 266.0
7062 1233.0 252.0
7075 1164.0 241.0
7086 1093.0 234.0
7098 1020.0 231.0
7110 945.0 233.0
7121 869.0 238.0
7133 793.0 245.0
7145 718.0 255.0
7157 645.0 268.0
7169 574.0 284.0
7180 506.0 303.0
7192 441.0 324.0
7204 381.0 347.0
7216 324.0 374.0
7228 271.0 403.0
7240 223.0 434.0
7251 180.0 468.0
7263 142.0 503.0
7275 110.0 540.0
7287 83.0 578.0
7299 63.0 615.0
7311 50.0 650.0
7323 44.0 684.0
7335 46.0 716.0
7347 55.0 748.0
7359 69.0 778.0
7370 90.0 807.0
7382 117.0 835.0
7394 150.0 860.0
7406 190.0 884.0
7418 236.0 905.0
7430 289.0 923.0
7442 347.0 938.0
7454 410.0 949.0
7466 478.0 958.0
7478 549.0 964.0
7490 622.0 969.0
7502 697.0 973.0
7513 774.0 974.0
7525 853.0 974.0
7537 931.0 972.0
7549 1010.0 967.0
7561 1087.0 960.0
7573 1163.0 951.0
7585 1238.0 941.0
7597 1311.0 928.0
7609 1382.0 913.0
7620 1452.0 896.0
7632 1519.0 877.0
7644 1582.0 856.0
7656 1642.0 835.0
7668 1695.0 814.0
7680 1741.0 790.0
7692 1780.0 765.0
7704 1810.0 740.0
7715 1832.0 714.0
7727 1847.0 688.0
7739 1855.0 661.0
7751 1858.0 633.0
7763 1857.0 604.0
7775 1850.0 573.0
7786 1836.0 542.0
7798 1814.0 512.0
7810 1786.0 482.0
7822 1752.0 452.0
7834 1713.0 423.0
7846 1670.0 394.0
7858 1622.0 366.0
7869 1570.0 341.0
7881 1514.0 317.0
7893 1454.0 296.0
7904 1388.0 279.0
7916 1319.0 264.0
7928 1247.0 253.0
7940 1172.0 245.0
7952 1094.0 240.0
7964 1002.0 238.0
7976 901.0 242.0
7987 801.0 252.0
7999 725.0 264.0
8011 657.0 278.0
8023 592.0 294.0
8035 523.0 313.0
8047 451.0 335.0
8059 381.0 360.0
8070 317.0 386.0
8082 258.0 412.0
8094 207.0 440.0
8106 162.0 469.0
8118 124.0 498.0
8130 93.0 528.0
8142 69.0 558.0
8154 52.0 589.0
8166 41.0 620.0
8178 38.0 650.0
8189 43.0 680.0
8201 55.0 709.0
8213 73.0 737.0
8225 98.0 762.0
8237 129.0 786.0
8249 165.0 807.0
8261 206.0 825.0
8273 253.0 842.0
8284 305.0 857.0
8296 361.0 871.0
8308 421.0 883.0
8320 486.0 895.0
8332 556.0 906.0
8344 628.0 914.0
8356 704.0 921.0
8368 780.0 926.0
8380 858.0 931.0
8392 935.0 934.0
8404 1012.0 937.0
8416 1088.0 938.0
8428 1163.0 937.0
8439 1237.0 933.0
8451 1308.0 926.0
8463 1378.0 916.0
8475 1444.0 903.0
8487 1509.0 889.0
8499 1571.0 872.0
8511 1628.0 855.0
8523 1678.0 837.0
8535 1720.0 819.0
8547 1753.0 801.0
8559 1779.0 781.0
8570 1798.0 760.0
8582 1809.0 736.0
8594 1816.0 709.0
8606 1818.0 680.0
8618 1816.0 649.0
8630 1810.0 617.0
8641 1799.0 584.0
8653 1783.0 551.0
8665 1763.0 518.0
8677 1737.0 485.0
8689 1707.0 451.0
8700 1673.0 418.0
8713 1633.0 384.0
8724 1589.0 351.0
8736 1542.0 320.0
8748 1490.0 290.0
8760 1436.0 262.0
8771 1378.0 237.0
8783 1317.0 217.0
8795 1254.0 201.0
8807 1187.0 189.0
8819 1117.0 182.0
8830 1042.0 181.0
8842 951.0 185.0
8854 849.0 198.0
8866 748.0 217.0
8878 652.0 239.0
8889 561.0 266.0
8901 491.0 291.0
8913 425.0 318.0
8925 361.0 347.0
8937 302.0 377.0
8949 248.0 408.0
8961 195.0 442.0
8973 145.0 479.0
8985 101.0 517.0
8996 65.0 555.0
9008 38.0 593.0
9020 23.0 630.0
9032 15.0 665.0
9044 14.0 698.0
9056 18.0 730.0
9068 27.0 759.0
9080 44.0 786.0
9092 71.0 810.0
9104 106.0 832.0
9116 150.0 851.0
9127 200.0 866.0
9139 258.0 879.0
9152 321.0 889.0
9164 389.0 897.0
9175 460.0 903.0
9187 534.0 909.0
9199 610.0 914.0
9211 689.0 919.0
9223 769.0 923.0
9235 851.0 927.0
9247 932.0 929.0
9259 1013.0 930.0
9271 1092.0 929.0
9283 1169.0 927.0
9295 1244.0 923.0
9307 1316.0 915.0
9318 1385.0 904.0
9331 1450.0 890.0
9342 1512.0 873.0
9354 1569.0 855.0
9366 1620.0 836.0
9378 1664.0 817.0
9390 1702.0 797.0
9402 1733.0 776.0
9414 1756.0 755.0
9425 1774.0 732.0
9437 1787.0 706.0
9450 1797.0 677.0
9461 1802.0 647.0
9473 1804.0 615.0
9485 1801.0 583.0
9497 1792.0 551.0
9508 1775.0 520.0
9520 1749.0 490.0
9532 1715.0 460.0
9544 1673.0 433.0
9556 1624.0 407.0
9568 1569.0 384.0
9580 1509.0 362.0
9591 1445.0 342.0
9603 1376.0 324.0
9615 1304.0 309.0
9627 1230.0 297.0
9639 1153.0 288.0
9651 1075.0 282.0
9662 996.0 280.0
9674 915.0 281.0
9686 833.0 285.0
9698 752.0 293.0
9710 670.0 306.0
9722 591.0 324.0
9734 515.0 346.0
9745 442.0 371.0
9757 375.0 399.0
9769 313.0 428.0
9781 259.0 457.0
9793 214.0 488.0
9805 177.0 518.0
9817 148.0 548.0
9829 127.0 578.0
9840 114.0 608.0
9852 109.0 636.0
9864 110.0 664.0
9876 117.0 691.0
9888 131.0 716.0
9900 151.0 741.0
9912 177.0 765.0
9924 209.0 787.0
9936 247.0 807.0
9947 289.0 826.0
9959 335.0 844.0
9971 384.0 862.0
9983 437.0 878.0
9995 494.0 892.0
10007 554.0 904.0
10019 618.0 914.0
10031 685.0 923.0
10043 756.0 929.0
10055 829.0 935.0
10067 904.0 938.0
10079 980.0 940.0
10091 1056.0 940.0
10103 1130.0 938.0
10115 1204.0 933.0
10126 1275.0 924.0
10139 1345.0 912.0
10150 1414.0 898.0
10162 1481.0 881.0
10174 1546.0 863.0
10186 1606.0 844.0
10198 1661.0 824.0
10210 1710.0 804.0
10222 1751.0 784.0
10234 1784.0 762.0
10245 1810.0 737.0
10257 1830.0 711.0
10269 1846.0 682.0
10281 1857.0 651.0
10293 1863.0 618.0
10305 1864.0 586.0
10317 1861.0 554.0
10328 1851.0 522.0
10340 1835.0 490.0
10352 1812.0 458.0
10364 1783.0 426.0
10376 1748.0 394.0
10388 1707.0 364.0
10399 1662.0 334.0
10411 1611.0 305.0
10423 1556.0 279.0
10435 1494.0 254.0
10446 1429.0 232.0
10458 1359.0 212.0
10470 1288.0 196.0
10482 1214.0 182.0
10494 1138.0 173.0
10505 1060.0 168.0
10517 981.0 166.0
10529 900.0 168.0
10541 818.0 173.0
10552 736.0 182.0
10564 655.0 194.0
10576 576.0 210.0
10588 501.0 228.0
10600 429.0 251.0
10612 361.0 276.0
10624 297.0 305.0
10635 239.0 337.0
10647 187.0 370.0
10659 143.0 404.0
10671 107.0 440.0
10683 79.0 476.0
10695 58.0 513.0
10707 44.0 551.0
10719 37.0 588.0
10730 38.0 626.0
10742 46.0 663.0
10754 61.0 699.0
10766 84.0 733.0
10778 113.0 765.0
10790 149.0 794.0
10802 191.0 821.0
10814 238.0 845.0
10826 290.0 867.0
10838 346.0 886.0
10849 407.0 901.0
10861 472.0 914.0
10873 540.0 924.0
10885 611.0 931.0
10897 685.0 937.0
10909 759.0 942.0
10921 834.0 945.0
10933 911.0 946.0
10945 988.0 944.0
10957 1064.0 940.0
10969 1139.0 933.0
10981 1212.0 923.0
10992 1283.0 909.0
11004 1352.0 893.0
11016 1418.0 874.0
11028 1480.0 853.0
11040 1538.0 831.0
11052 1590.0 809.0
11064 1637.0 787.0
11076 1677.0 764.0
11088 1710.0 741.0
11099 1737.0 717.0
11111 1758.0 692.0
11123 1772.0 665.0
11135 1781.0 636.0
11147 1784.0 606.0
11159 1780.0 574.0
11171 1769.0 541.0
11182 1750.0 508.0
11194 1724.0 476.0
11206 1688.0 446.0
11218 1644.0 418.0
11230 1593.0 391.0
11242 1537.0 366.0
11253 1477.0 343.0
11265 1414.0 321.0
11277 1347.0 301.0
11289 1279.0 283.0
11300 1207.0 268.0
11312 1133.0 255.0
11324 1057.0 247.0
11336 980.0 243.0
11348 902.0 243.0
11359 824.0 246.0
11371 747.0 254.0
11383 671.0 266.0
11395 596.0 283.0
11407 523.0 303.0
11419 451.0 327.0
11430 382.0 354.0
11442 319.0 383.0
11454 261.0 414.0
11466 211.0 445.0
11478 167.0 477.0
11490 131.0 509.0
11502 101.0 540.0
11514 80.0 570.0
11525 66.0 600.0
11537 59.0 630.0
11549 58.0 660.0
11561 65.0 690.0
11573 77.0 719.0
11585 97.0 748.0
11597 124.0 775.0
11609 158.0 800.0
11621 198.0 823.0
11632 243.0 843.0
11644 293.0 861.0
11657 348.0 877.0
11668 406.0 892.0
11680 468.0 904.0
11692 533.0 915.0
11704 602.0 925.0
11716 673.0 934.0
11728 745.0 940.0
11740 817.0 944.0
11752 890.0 945.0
11763 963.0 944.0
11775 1036.0 938.0
11788 1111.0 927.0
11799 1186.0 913.0
11811 1260.0 895.0
11823 1331.0 874.0
11835 1398.0 852.0
11847 1460.0 829.0
11859 1518.0 806.0
11871 1570.0 783.0
11883 1614.0 761.0
11894 1650.0 739.0
11906 1679.0 718.0
11918 1702.0 697.0
11930 1719.0 675.0
11942 1730.0 654.0
11954 1736.0 631.0
11965 1735.0 608.0
11977 1728.0 582.0
11989 1715.0 553.0
12001 1694.0 522.0
12013 1666.0 489.0
12025 1631.0 455.0
12036 1590.0 422.0
12048 1544.0 391.0
12060 1494.0 360.0
12072 1440.0 332.0
12084 1383.0 305.0
12096 1322.0 279.0
12108 1258.0 256.0
12119 1190.0 237.0
12131 1119.0 224.0
12143 1047.0 217.0
12154 972.0 216.0
12166 896.0 221.0
12178 820.0 230.0
12190 744.0 243.0
12202 670.0 260.0
12214 599.0 281.0
12226 532.0 305.0
12237 469.0 332.0
12249 410.0 362.0
12261 356.0 393.0
12273 310.0 424.0
12285 272.0 455.0
12297 242.0 487.0
12309 217.0 519.0
12320 199.0 550.0
12332 187.0 581.0
12344 180.0 611.0
12356 180.0 641.0
12368 185.0 669.0
12380 196.0 697.0
12391 212.0 723.0
12404 234.0 749.0
12416 263.0 773.0
12427 298.0 797.0
12439 338.0 820.0
12451 384.0 841.0
12463 434.0 860.0
12475 487.0 878.0
12487 544.0 895.0
12499 606.0 910.0
12511 671.0 923.0
12523 739.0 934.0
12535 810.0 943.0
12546 881.0 949.0
12558 953.0 952.0
12570 1023.0 952.0
12582 1093.0 950.0
12594 1163.0 945.0
12606 1232.0 936.0
12618 1302.0 922.0
12629 1372.0 906.0
12641 1441.0 888.0
12653 1507.0 867.0
12665 1567.0 846.0
12677 1620.0 825.0
12689 1664.0 804.0
12701 1700.0 785.0
12713 1728.0 765.0
12724 1751.0 745.0
12737 1769.0 723.0
12748 1784.0 700.0
12760 1795.0 676.0
12772 1800.0 652.0
12784 1799.0 628.0
12796 1793.0 603.0
12807 1779.0 576.0
12819 1757.0 546.0
12831 1728.0 515.0
12843 1692.0 484.0
12855 1651.0 455.0
12866 1605.0 427.0
12878 1556.0 401.0
12890 1502.0 378.0
12902 1442.0 356.0
12914 1378.0 336.0
12925 1310.0 319.0
12937 1238.0 305.0
12949 1165.0 294.0
12961 1089.0 287.0
12973 1013.0 283.0
12985 935.0 281.0
12996 856.0 282.0
13008 778.0 286.0
13020 700.0 293.0
13032 624.0 304.0
13044 549.0 319.0
13055 478.0 338.0
13067 411.0 359.0
13079 350.0 383.0
13091 295.0 409.0
13103 248.0 437.0
13114 207.0 465.0
13126 172.0 493.0
13138 144.0 522.0
13150 122.0 551.0
13162 106.0 580.0
13174 96.0 610.0
13186 91.0 641.0
13198 92.0 671.0
13210 99.0 701.0
13221 111.0 730.0
13233 129.0 759.0
13245 154.0 787.0
13257 185.0 815.0
13269 222.0 840.0
13281 264.0 863.0
13293 312.0 883.0
13305 365.0 899.0
13317 423.0 911.0
13328 486.0 919.0
13340 551.0 925.0
13353 618.0 930.0
13364 687.0 933.0
13376 757.0 935.0
13388 829.0 935.0
13400 901.0 933.0
13412 973.0 929.0
13424 1045.0 922.0
13436 1117.0 913.0
13447 1188.0 902.0
13460 1258.0 888.0
13471 1327.0 871.0
13483 1394.0 853.0
13495 1458.0 833.0
13507 1518.0 811.0
13519 1574.0 788.0
13531 1627.0 764.0
13543 1674.0 738.0
13555 1714.0 712.0
13566 1747.0 687.0
13578 1774.0 661.0
13590 1795.0 636.0
13602 1810.0 611.0
13614 1821.0 585.0
13625 1825.0 560.0
13638 1823.0 535.0
13649 1812.0 510.0
13661 1794.0 482.0
13673 1767.0 453.0
13685 1733.0 425.0
13696 1692.0 399.0
13708 1647.0 375.0
13720 1597.0 353.0
13732 1544.0 332.0
13744 1486.0 312.0
13756 1425.0 293.0
13767 1362.0 276.0
13779 1297.0 260.0
13791 1230.0 248.0
13802 1161.0 238.0
13815 1090.0 232.0
13826 1018.0 229.0
13838 945.0 229.0
13850 873.0 233.0
13862 801.0 239.0
13873 730.0 249.0
13885 661.0 263.0
13897 595.0 279.0
13909 532.0 298.0
13921 473.0 320.0
13933 418.0 344.0
13944 367.0 371.0
13956 323.0 399.0
13968 285.0 428.0
13980 253.0 457.0
13992 228.0 487.0
14004 210.0 518.0
14016 197.0 550.0
14027 189.0 583.0
14040 185.0 617.0
14051 185.0 652.0
14063 189.0 685.0
14075 197.0 718.0
14087 210.0 750.0
14099 229.0 780.0
14110 255.0 807.0
14122 288.0 832.0
14135 328.0 854.0
14147 375.0 874.0
14158 430.0 891.0
14170 489.0 906.0
14182 552.0 920.0
14194 618.0 932.0
14206 686.0 944.0
14218 756.0 955.0
14230 828.0 965.0
14242 902.0 973.0
14254 976.0 980.0
14266 1050.0 984.0
14277 1124.0 985.0
14289 1197.0 982.0
14301 1268.0 975.0
14313 1336.0 965.0
14325 1402.0 952.0
14337 1465.0 937.0
14349 1525.0 919.0
14361 1584.0 900.0
14372 1641.0 879.0
14385 1694.0 856.0
14396 1740.0 833.0
14408 1778.0 810.0
14420 1807.0 788.0
14432 1828.0 768.0
14444 1843.0 748.0
14456 1853.0 729.0
14467 1861.0 709.0
14479 1866.0 688.0
14491 1866.0 664.0
14503 1861.0 637.0
14515 1851.0 607.0
14527 1834.0 574.0
14539 1810.0 539.0
14550 1781.0 504.0
14562 1747.0 469.0
14574 1709.0 437.0
14586 1668.0 406.0
14598 1624.0 377.0
14609 1575.0 351.0
14622 1521.0 325.0
14633 1461.0 303.0
14645 1396.0 284.0
14657 1328.0 267.0
14668 1258.0 253.0
14680 1185.0 243.0
14692 1110.0 236.0
14704 1034.0 233.0
14716 957.0 233.0
14728 878.0 237.0
14739 798.0 244.0
14751 719.0 255.0
14763 641.0 270.0
14775 565.0 289.0
14787 492.0 312.0
14798 422.0 340.0
14810 355.0 371.0
14822 294.0 405.0
14834 241.0 440.0
14846 196.0 476.0
14858 160.0 511.0
14870 131.0 546.0
14881 107.0 582.0
14893 89.0 618.0
14905 78.0 652.0
14917 73.0 686.0
14929 74.0 719.0
14941 82.0 752.0
14953 95.0 782.0
14964 116.0 810.0
14976 143.0 835.0
14988 177.0 858.0
15000 217.0 878.0
15012 261.0 895.0
15024 309.0 911.0
15036 359.0 925.0
15048 414.0 938.0
15060 471.0 948.0
15072 532.0 956.0
15084 595.0 963.0
15095 661.0 967.0
15107 730.0 970.0
15120 801.0 971.0
15131 874.0 971.0
15143 948.0 970.0
15155 1020.0 967.0
15167 1092.0 962.0
15179 1162.0 954.0
15191 1232.0 943.0
15203 1300.0 929.0
15215 1366.0 912.0
15226 1428.0 894.0
15239 1486.0 875.0
15250 1539.0 854.0
15262 1588.0 834.0
15274 1630.0 813.0
15286 1667.0 791.0
15298 1699.0 768.0
15310 1725.0 743.0
15322 1747.0 718.0
15334 1764.0 693.0
15345 1778.0 668.0
15357 1788.0 644.0
15369 1795.0 619.0
15381 1797.0 593.0
15393 1794.0 567.0
15405 1783.0 538.0
15416 1763.0 508.0
15428 1735.0 477.0
15440 1699.0 446.0
15452 1659.0 417.0
15463 1615.0 390.0
15476 1567.0 364.0
15487 1517.0 341.0
15499 1464.0 319.0
15511 1405.0 300.0
15522 1342.0 284.0
15534 1273.0 271.0
15546 1200.0 261.0
15558 1126.0 254.0
15570 1051.0 250.0
15581 975.0 250.0
15593 899.0 252.0
15605 823.0 256.0
15617 749.0 263.0
15629 676.0 274.0
15641 606.0 288.0
15652 537.0 305.0
15664 471.0 325.0
15676 409.0 348.0
15688 352.0 373.0
15700 300.0 400.0
15711 253.0 429.0
15723 212.0 459.0
15735 176.0 490.0
15747 148.0 522.0
15759 127.0 554.0
15771 113.0 586.0
15783 106.0 620.0
15795 105.0 655.0
15807 108.0 690.0
15818 116.0 726.0
15830 129.0 761.0
15842 146.0 796.0
15854 169.0 829.0
15866 198.0 859.0
15878 233.0 885.0
15890 274.0 907.0
15902 322.0 924.0
15913 376.0 939.0
15926 435.0 951.0
15937 499.0 959.0
15949 567.0 965.0
15961 637.0 970.0
15973 708.0 974.0
15985 780.0 976.0
15997 853.0 976.0
16009 926.0 973.0
16021 998.0 968.0
16032 1070.0 960.0
16045 1140.0 950.0
16057 1209.0 937.0
16069 1276.0 921.0
16080 1342.0 904.0
16092 1404.0 885.0
16104 1463.0 865.0
16116 1519.0 844.0
16128 1571.0 822.0
16140 1618.0 801.0
16151 1659.0 780.0
16164 1695.0 758.0
16175 1726.0 736.0
16187 1752.0 713.0
16199 1774.0 690.0
16211 1794.0 665.0
16223 1811.0 639.0
16235 1825.0 611.0
16246 1834.0 584.0
16258 1837.0 556.0
16270 1833.0 529.0
16282 1821.0 502.0
16294 1803.0 475.0
16306 1778.0 448.0
16317 1749.0 422.0
16329 1715.0 397.0
16341 1676.0 372.0
16353 1635.0 348.0
16365 1588.0 326.0
16377 1537.0 305.0
16388 1480.0 288.0
16400 1417.0 273.0
16412 1350.0 261.0
16424 1281.0 253.0
16435 1209.0 248.0
16447 1135.0 247.0
16459 1060.0 247.0
16471 984.0 250.0
16482 907.0 253.0
16494 829.0 259.0
16506 753.0 267.0
16518 678.0 278.0
16530 604.0 290.0
16542 533.0 306.0
16553 464.0 324.0
16565 399.0 345.0
16577 338.0 368.0
16589 282.0 394.0
16601 233.0 421.0
16613 191.0 450.0
16625 156.0 480.0
16636 128.0 511.0
16648 105.0 544.0
16660 89.0 578.0
16672 78.0 612.0
16684 74.0 647.0
16696 76.0 683.0
16708 85.0 718.0
16719 101.0 753.0
16731 122.0 788.0
16743 151.0 821.0
16755 188.0 851.0
16767 230.0 879.0
16779 279.0 904.0
16791 332.0 924.0
16803 391.0 941.0
16814 454.0 954.0
16826 520.0 964.0
16838 590.0 970.0
16850 662.0 974.0
16863 735.0 975.0
16874 810.0 975.0
16886 886.0 975.0
16898 961.0 973.0
16910 1035.0 968.0
16922 1108.0 960.0
16934 1179.0 948.0
16946 1249.0 933.0
16958 1316.0 916.0
16969 1380.0 897.0
16981 1442.0 878.0
16993 1500.0 858.0
17005 1555.0 837.0
17017 1603.0 817.0
17029 1646.0 796.0
17041 1681.0 773.0
17053 1711.0 750.0
17065 1737.0 727.0
17076 1758.0 702.0
17088 1775.0 677.0
17100 1788.0 652.0
17112 1796.0 627.0
17123 1799.0 601.0
17135 1795.0 574.0
17147 1783.0 546.0
17159 1763.0 516.0
17171 1737.0 486.0
17183 1706.0 457.0
17194 1671.0 428.0
17206 1632.0 400.0
17218 1588.0 374.0
17230 1540.0 348.0
17241 1488.0 325.0
17253 1432.0 303.0
17265 1373.0 284.0
17277 1312.0 268.0
17289 1249.0 254.0
17301 1183.0 242.0
17312 1115.0 234.0
17324 1046.0 228.0
17336 976.0 225.0
17348 905.0 225.0
17359 834.0 227.0
17371 763.0 232.0
17383 694.0 240.0
17395 626.0 251.0
17406 560.0 266.0
17419 496.0 284.0
17430 436.0 305.0
17442 379.0 329.0
17454 326.0 355.0
17466 277.0 381.0
17477 232.0 409.0
17489 192.0 439.0
17501 158.0 469.0
17513 131.0 501.0
17525 109.0 534.0
17537 93.0 569.0
17549 84.0 604.0
17560 82.0 641.0
17572 87.0 678.0
17584 99.0 715.0
17596 117.0 752.0
17608 141.0 788.0
17620 171.0 823.0
17632 208.0 855.0
17644 252.0 884.0
17656 303.0 909.0
17668 359.0 931.0
17680 421.0 948.0
17691 485.0 962.0
17703 551.0 973.0
17715 618.0 983.0
17727 685.0 989.0
17739 752.0 994.0
17751 820.0 996.0
17763 890.0 997.0
17775 962.0 995.0
17787 1033.0 991.0
17799 1105.0 984.0
17810 1175.0 974.0
17822 1243.0 961.0
17834 1307.0 946.0
17846 1369.0 930.0
17858 1428.0 911.0
17870 1483.0 891.0
17882 1533.0 870.0
17894 1577.0 849.0
17905 1617.0 827.0
17918 1653.0 805.0
17929 1684.0 783.0
17941 1711.0 759.0
17953 1735.0 735.0
17965 1755.0 709.0
17977 1772.0 683.0
17989 1785.0 656.0
18001 1793.0 629.0
18012 1796.0 601.0
18024 1792.0 573.0
18036 1782.0 545.0
18048 1764.0 517.0
18060 1741.0 488.0
18071 1714.0 459.0
18083 1681.0 431.0
18095 1644.0 403.0
18107 1602.0 376.0
18119 1555.0 350.0
18130 1502.0 326.0
18142 1445.0 302.0
18154 1384.0 282.0
18166 1319.0 264.0
18177 1252.0 249.0
18189 1182.0 238.0
18201 1110.0 231.0
18213 1039.0 226.0
18225 968.0 223.0
18236 896.0 223.0
18248 825.0 225.0
18260 754.0 229.0
18272 684.0 236.0
18284 616.0 245.0
18295 551.0 258.0
18307 489.0 273.0
18319 431.0 290.0
18331 374.0 311.0
18342 322.0 335.0
18354 273.0 361.0
18366 230.0 389.0
18378 191.0 418.0
18390 159.0 450.0
18402 132.0 483.0
18414 110.0 517.0
18426 95.0 550.0
18437 85.0 582.0
18450 82.0 614.0
18461 85.0 645.0
18473 93.0 677.0
18486 105.0 708.0
18497 123.0 738.0
18509 146.0 767.0
18521 175.0 794.0
18533 208.0 819.0
18545 246.0 841.0
18557 290.0 861.0
18569 339.0 878.0
18580 392.0 893.0
18592 450.0 904.0
18604 512.0 913.0
18616 578.0 920.0
18628 647.0 927.0
18640 717.0 933.0
18652 790.0 939.0
18664 863.0 944.0
18676 936.0 948.0
18688 1010.0 950.0
18700 1084.0 951.0
18711 1158.0 948.0
18723 1231.0 942.0
18735 1302.0 932.0
18747 1370.0 919.0
18759 1434.0 904.0
18771 1496.0 887.0
18783 1554.0 869.0
18795 1609.0 852.0
18807 1659.0 833.0
18819 1705.0 814.0
18830 1744.0 795.0
18842 1775.0 775.0
18854 1796.0 753.0
18866 1810.0 729.0
18878 1818.0 703.0
18890 1822.0 675.0
18902 1822.0 646.0
18913 1818.0 615.0
18925 1811.0 584.0
18937 1799.0 552.0
18949 1782.0 520.0
18961 1759.0 487.0
18973 1730.0 453.0
18984 1695.0 420.0
18996 1655.0 386.0
19008 1611.0 352.0
19020 1563.0 319.0
19032 1511.0 290.0
19043 1453.0 264.0
19055 1390.0 243.0
19067 1323.0 225.0
19079 1253.0 213.0
19091 1180.0 205.0
19103 1104.0 201.0
19114 1028.0 202.0
19126 949.0 206.0
19138 870.0 213.0
19149 791.0 223.0
19161 711.0 237.0
19173 633.0 254.0
19185 559.0 273.0
19197 489.0 294.0
19209 422.0 318.0
19220 360.0 344.0
19232 304.0 372.0
19244 253.0 403.0
19256 208.0 436.0
19268 168.0 470.0
19280 135.0 504.0
19291 107.0 539.0
19304 87.0 574.0
19315 74.0 608.0
19327 68.0 640.0
19339 68.0 671.0
19351 74.0 701.0
19363 86.0 730.0
19375 103.0 759.0
19387 124.0 786.0
19399 151.0 812.0
19410 183.0 837.0
19423 220.0 861.0
19434 262.0 883.0
19446 309.0 902.0
19458 360.0 918.0
19470 416.0 931.0
19482 475.0 941.0
19494 536.0 948.0
19506 599.0 953.0
19518 664.0 957.0
19530 729.0 960.0
19542 797.0 961.0
19554 867.0 960.0
19566 938.0 957.0
19577 1011.0 953.0
19590 1085.0 946.0
19601 1159.0 937.0
19613 1232.0 925.0
19625 1304.0 911.0
19637 1375.0 895.0
19649 1444.0 878.0
19661 1511.0 859.0
19673 1574.0 841.0
19685 1632.0 823.0
19696 1682.0 804.0
19708 1725.0 786.0
19720 1761.0 766.0
19732 1789.0 747.0
19744 1812.0 725.0
19756 1828.0 703.0
19767 1839.0 680.0
19779 1845.0 656.0
19791 1844.0 632.0
19803 1836.0 607.0
19815 1823.0 580.0
19827 1802.0 551.0
19839 1775.0 521.0
19850 1741.0 489.0
19862 1703.0 457.0
19874 1661.0 426.0
19886 1617.0 394.0
19898 1570.0 362.0
19910 1520.0 332.0
19921 1466.0 305.0
19933 1406.0 281.0
19945 1344.0 262.0
19957 1277.0 247.0
19969 1208.0 236.0
19980 1135.0 230.0
19992 1060.0 227.0
20004 983.0 228.0
20016 905.0 233.0
20028 827.0 242.0
20040 750.0 253.0
20051 674.0 268.0
20063 601.0 287.0
20075 532.0 309.0
20087 467.0 335.0
20099 404.0 364.0
20111 344.0 396.0
20122 289.0 430.0
20134 240.0 466.0
20146 197.0 503.0
20158 160.0 540.0
20170 129.0 578.0
20182 105.0 615.0
20194 88.0 651.0
20206 77.0 685.0
20217 73.0 716.0
20229 76.0 746.0
20242 85.0 775.0
20254 100.0 801.0
20265 121.0 826.0
20277 147.0 848.0
20289 179.0 869.0
20301 217.0 887.0
20313 261.0 902.0
20325 311.0 915.0
20337 365.0 926.0
20348 424.0 935.0
20360 486.0 943.0
20372 550.0 950.0
20384 617.0 956.0
20396 686.0 962.0
20408 756.0 967.0
20420 828.0 972.0
20432 900.0 975.0
20444 972.0 976.0
20456 1043.0 977.0
20468 1113.0 976.0
20480 1182.0 973.0
20492 1250.0 968.0
20504 1315.0 959.0
20515 1377.0 948.0
20527 1436.0 935.0
20539 1492.0 920.0
20551 1544.0 906.0
20563 1592.0 890.0
20575 1637.0 872.0
20587 1678.0 854.0
20599 1716.0 833.0
20611 1750.0 812.0
20623 1780.0 791.0
20635 1805.0 769.0
20646 1825.0 747.0
20658 1841.0 726.0
20670 1851.0 705.0
20682 1856.0 683.0
20694 1856.0 660.0
20706 1850.0 634.0
20718 1838.0 605.0
20729 1818.0 572.0
20742 1792.0 538.0
20753 1762.0 505.0
20765 1728.0 474.0
20777 1690.0 442.0
20789 1649.0 412.0
20800 1605.0 383.0
20812 1556.0 356.0
20824 1505.0 331.0
20836 1449.0 307.0
20848 1391.0 285.0
20860 1331.0 266.0
20871 1269.0 248.0
20883 1205.0 232.0
20895 1139.0 220.0
20907 1072.0 211.0
20919 1003.0 206.0
20931 932.0 206.0
20955 786.0 218.0
20968 712.0 231.0
20980 639.0 248.0
21003 502.0 293.0
21015 438.0 318.0
21027 378.0 346.0
21039 321.0 374.0
21051 270.0 403.0
21063 223.0 433.0
21075 181.0 464.0
21086 146.0 497.0
21099 116.0 529.0
21110 91.0 562.0
21122 73.0 595.0
21134 60.0 628.0
21146 54.0 661.0
21158 54.0 693.0
21170 60.0 724.0
21182 72.0 754.0
21194 91.0 782.0
21206 117.0 808.0
21217 149.0 833.0
21229 187.0 854.0
21241 231.0 873.0
21253 280.0 889.0
21265 333.0 903.0
21277 392.0 914.0
21289 454.0 924.0
21301 520.0 932.0
21313 589.0 939.0
21325 660.0 945.0
21337 733.0 949.0
21348 806.0 951.0
21361 881.0 952.0
21372 956.0 951.0
21384 1030.0 948.0
21396 1103.0 942.0
21408 1175.0 933.0
21420 1246.0 921.0
21432 1315.0 906.0
21444 1380.0 889.0
21456 1441.0 870.0
21468 1496.0 851.0
21479 1546.0 831.0
21492 1591.0 812.0
21503 1631.0 793.0
21515 1668.0 774.0
21527 1703.0 754.0
21539 1735.0 733.0
21551 1763.0 712.0
21563 1787.0 691.0
21574 1807.0 669.0
21586 1822.0 647.0
21599 1830.0 625.0
21610 1833.0 602.0
21622 1829.0 578.0
21634 1819.0 552.0
21645 1801.0 522.0
21657 1776.0 491.0
21669 1743.0 460.0
21681 1703.0 431.0
21693 1659.0 404.0
21705 1611.0 378.0
21717 1559.0 354.0
21728 1504.0 330.0
21740 1446.0 307.0
21752 1384.0 287.0
21764 1320.0 269.0
21776 1253.0 253.0
21787 1182.0 240.0
21799 1107.0 230.0
21811 1030.0 225.0
21823 950.0 223.0
21835 869.0 225.0
21846 788.0 231.0
21858 706.0 241.0
21870 624.0 255.0
21882 546.0 272.0
21894 470.0 293.0
21905 397.0 316.0
21917 328.0 342.0
21929 263.0 370.0
21941 203.0 400.0
21953 150.0 431.0
21965 104.0 464.0
21977 65.0 498.0
21988 35.0 531.0
22000 15.0 564.0
22012 4.0 599.0
22024 0.0 634.0
22036 0.0 669.0
22048 2.0 703.0
22060 4.0 735.0
22071 11.0 765.0
22083 24.0 794.0
22095 47.0 822.0
22107 80.0 848.0
22119 121.0 871.0
22131 169.0 890.0
22143 222.0 907.0
22155 280.0 921.0
22167 343.0 934.0
22179 410.0 944.0
22190 480.0 953.0
22202 554.0 959.0
22214 630.0 965.0
22226 708.0 968.0
22238 786.0 971.0
22250 865.0 972.0
22262 944.0 971.0
22274 1024.0 970.0
22286 1103.0 966.0
22298 1183.0 960.0
22310 1263.0 952.0
22321 1342.0 942.0
22334 1418.0 929.0
22345 1489.0 915.0
22357 1555.0 900.0
22369 1614.0 882.0
22381 1666.0 865.0
22393 1710.0 848.0
22405 1748.0 830.0
22417 1781.0 811.0
22428 1808.0 791.0
22440 1830.0 771.0
22452 1846.0 751.0
22464 1858.0 730.0
22476 1866.0 709.0
22488 1868.0 686.0
22500 1865.0 661.0
22512 1856.0 634.0
22523 1840.0 606.0
22536 1819.0 576.0
22547 1793.0 546.0
22559 1761.0 516.0
22571 1724.0 486.0
22583 1682.0 458.0
22594 1634.0 430.0
22606 1582.0 403.0
22618 1527.0 377.0
22630 1470.0 352.0
22641 1410.0 329.0
22654 1348.0 309.0
22665 1284.0 293.0
22677 1217.0 281.0
22689 1149.0 273.0
22701 1078.0 268.0
22712 1005.0 266.0
22724 932.0 268.0
22736 858.0 272.0
22748 785.0 278.0
22759 712.0 287.0
22771 639.0 300.0
22783 569.0 315.0
22795 501.0 333.0
22807 436.0 354.0
22819 375.0 377.0
22831 319.0 403.0
22842 268.0 431.0
22854 221.0 462.0
22866 180.0 496.0
22878 144.0 532.0
22890 113.0 568.0
22902 89.0 605.0
22914 71.0 642.0
22926 62.0 678.0
22937 60.0 713.0
22949 65.0 746.0
22961 77.0 777.0
22973 95.0 807.0
22985 119.0 835.0
22997 150.0 859.0
23009 187.0 880.0
23021 229.0 899.0
23033 274.0 914.0
23045 324.0 927.0
23057 379.0 938.0
23069 437.0 947.0
23080 498.0 956.0
23092 561.0 964.0
23104 625.0 973.0
23117 691.0 982.0
23128 759.0 990.0
23140 830.0 996.0
23152 902.0 1001.0
23164 975.0 1006.0
23176 1049.0 1010.0
23188 1122.0 1010.0
23200 1194.0 1008.0
23212 1263.0 1002.0
23224 1329.0 992.0
23236 1392.0 979.0
23247 1453.0 963.0
23259 1511.0 945.0
23271 1566.0 925.0
23283 1616.0 907.0
23295 1659.0 889.0
23307 1696.0 871.0
23319 1725.0 853.0
23331 1747.0 835.0
23343 1764.0 814.0
23355 1777.0 792.0
23366 1785.0 767.0
23378 1790.0 740.0
23390 1790.0 712.0
23402 1786.0 683.0
23414 1776.0 652.0
23426 1761.0 622.0
23437 1739.0 591.0
23449 1713.0 560.0
23461 1681.0 529.0
23473 1646.0 498.0
23485 1607.0 467.0
23496 1564.0 436.0
23509 1517.0 406.0
23520 1464.0 377.0
23532 1405.0 350.0
23544 1341.0 324.0
23556 1273.0 301.0
23567 1201.0 284.0
23579 1128.0 270.0
23591 1053.0 261.0
23603 964.0 256.0
23614 866.0 258.0
23626 766.0 269.0
23638 671.0 286.0
23650 581.0 308.0
23661 513.0 330.0
23673 449.0 354.0
23685 389.0 379.0
23697 335.0 405.0
23709 289.0 431.0
23721 244.0 461.0
23733 204.0 494.0
23744 168.0 528.0
23757 140.0 560.0
23768 119.0 591.0
23780 105.0 622.0
23792 96.0 653.0
23804 93.0 682.0
23816 95.0 711.0
23827 103.0 739.0
23839 114.0 765.0
23851 130.0 790.0
23863 149.0 815.0
23875 173.0 839.0
23887 200.0 863.0
23899 233.0 885.0
23911 271.0 906.0
23923 313.0 925.0
23935 360.0 942.0
23946 411.0 958.0
23958 466.0 972.0
23971 525.0 984.0
23982 586.0 994.0
23994 651.0 1002.0
24006 718.0 1007.0
24018 789.0 1011.0
24030 863.0 1011.0
24042 940.0 1008.0
24054 1016.0 1002.0
24066 1090.0 994.0
24078 1163.0 983.0
24090 1234.0 969.0
24102 1304.0 954.0
24114 1373.0 937.0
24125 1441.0 919.0
24137 1506.0 900.0
24149 1565.0 879.0
24161 1617.0 859.0
24173 1661.0 839.0
24185 1700.0 820.0
24197 1734.0 800.0
24209 1762.0 780.0
24221 1786.0 759.0
24232 1805.0 737.0
24244 1819.0 713.0
24256 1828.0 688.0
24268 1831.0 662.0
24280 1827.0 634.0
24292 1817.0 605.0
24304 1801.0 575.0
24315 1780.0 545.0
24327 1755.0 515.0
24339 1723.0 485.0
24351 1684.0 454.0
24363 1639.0 423.0
24375 1588.0 392.0
24386 1534.0 359.0
24398 1475.0 329.0
24410 1413.0 300.0
24422 1348.0 274.0
24433 1280.0 253.0
24445 1208.0 236.0
24457 1131.0 225.0
24469 1039.0 220.0
24481 936.0 222.0
24493 836.0 230.0
24504 740.0 244.0
24516 667.0 259.0
24528 600.0 277.0
24540 534.0 298.0
24552 472.0 321.0
24563 406.0 347.0
24575 340.0 378.0
24587 279.0 411.0
24599 224.0 447.0
24611 176.0 485.0
24623 135.0 523.0
24635 101.0 561.0
24647 75.0 597.0
24659 56.0 633.0
24671 45.0 667.0
24682 41.0 700.0
24694 45.0 731.0
24706 55.0 760.0
24718 70.0 789.0
24730 91.0 816.0
24742 116.0 841.0
24754 147.0 864.0
24765 184.0 886.0
24777 227.0 904.0
24789 275.0 920.0
24801 327.0 934.0
24813 383.0 945.0
24825 443.0 955.0
24837 507.0 963.0
24849 575.0 968.0
24861 645.0 972.0
24873 717.0 973.0
24885 792.0 974.0
24896 868.0 972.0
24909 945.0 968.0
24921 1023.0 962.0
24932 1100.0 954.0
24944 1178.0 945.0
24956 1254.0 932.0
24968 1327.0 917.0
24980 1398.0 899.0
24992 1463.0 880.0
25004 1523.0 861.0
25016 1577.0 841.0
25028 1626.0 823.0
25040 1669.0 804.0
25051 1707.0 785.0
25063 1738.0 766.0
25075 1763.0 745.0
25087 1783.0 724.0
25099 1797.0 701.0
25111 1806.0 678.0
25123 1811.0 654.0
25134 1812.0 630.0
25146 1809.0 606.0
25158 1803.0 582.0
25170 1792.0 556.0
25182 1776.0 529.0
25194 1754.0 500.0
25206 1727.0 470.0
25217 1693.0 439.0
25229 1653.0 410.0
25241 1609.0 382.0
25253 1560.0 357.0
25265 1507.0 335.0
25276 1449.0 316.0
25288 1387.0 300.0
25300 1322.0 289.0
25312 1252.0 282.0
25324 1179.0 277.0
25335 1103.0 274.0
25347 1024.0 273.0
25359 945.0 273.0
25371 867.0 274.0
25383 789.0 278.0
25395 713.0 285.0
25406 638.0 294.0
25418 565.0 308.0
25430 494.0 326.0
25442 426.0 346.0
25454 363.0 370.0
25466 306.0 396.0
25477 255.0 423.0
25489 209.0 452.0
25501 168.0 482.0
25513 135.0 513.0
25525 108.0 543.0
25537 88.0 574.0
25549 76.0 605.0
25560 70.0 635.0
25572 70.0 664.0
25585 77.0 693.0
25596 89.0 722.0
25608 105.0 752.0
25620 126.0 780.0
25632 153.0 808.0
25644 185.0 834.0
25656 222.0 858.0
25668 265.0 881.0
25680 311.0 901.0
25692 360.0 919.0
25703 412.0 935.0
25715 468.0 950.0
25727 525.0 962.0
25739 586.0 972.0
25751 649.0 978.0
25763 714.0 983.0
25775 780.0 985.0
25787 847.0 984.0
25799 916.0 982.0
25811 984.0 976.0
25822 1053.0 968.0
25834 1122.0 956.0
25846 1189.0 942.0
25858 1253.0 924.0
25870 1315.0 906.0
25882 1372.0 886.0
25894 1427.0 866.0
25906 1478.0 846.0
25918 1525.0 826.0
25930 1568.0 807.0
25941 1605.0 786.0
25953 1637.0 765.0
25965 1662.0 743.0
25977 1682.0 720.0
25989 1696.0 697.0
26001 1706.0 674.0
26013 1711.0 651.0
26025 1713.0 628.0
26036 1711.0 605.0
26048 1703.0 581.0
26060 1690.0 555.0
26072 1670.0 528.0
26084 1644.0 501.0
26096 1611.0 472.0
26108 1572.0 444.0
26119 1528.0 418.0
26131 1479.0 392.0
26143 1427.0 367.0
26155 1374.0 342.0
26167 1319.0 319.0
26179 1262.0 298.0
26190 1202.0 281.0
26202 1139.0 267.0
26214 1075.0 257.0
26226 1009.0 250.0
26237 942.0 248.0
26249 874.0 249.0
26261 806.0 253.0
26273 739.0 259.0
26284 672.0 269.0
26296 608.0 281.0
26308 545.0 297.0
26320 485.0 315.0
26332 427.0 335.0
26343 374.0 358.0
26355 325.0 383.0
26367 280.0 409.0
26379 241.0 436.0
26391 208.0 464.0
26403 180.0 494.0
26414 158.0 523.0
26426 142.0 554.0
26438 131.0 585.0
26450 126.0 617.0
26462 126.0 649.0
26474 133.0 682.0
26486 144.0 714.0
26498 161.0 746.0
26510 183.0 777.0
26522 211.0 807.0
26534 245.0 834.0
26545 286.0 859.0
26557 332.0 880.0
26569 384.0 899.0
26581 440.0 913.0
26593 499.0 925.0
26605 561.0 934.0
26617 626.0 941.0
26629 694.0 946.0
26641 764.0 948.0
26653 836.0 948.0
26665 909.0 945.0
26677 982.0 937.0
26689 1053.0 926.0
26701 1123.0 913.0
26712 1192.0 897.0
26724 1259.0 878.0
26736 1325.0 858.0
26748 1388.0 837.0
26760 1448.0 816.0
26772 1505.0 794.0
26784 1557.0 773.0
26796 1604.0 752.0
26807 1645.0 731.0
26819 1680.0 709.0
26831 1708.0 688.0
26843 1731.0 667.0
26855 1749.0 646.0
26867 1763.0 624.0
26879 1774.0 602.0
26890 1781.0 578.0
26902 1783.0 554.0
26914 1778.0 528.0
26926 1768.0 502.0
26938 1751.0 474.0
26949 1728.0 446.0
26961 1699.0 417.0
26973 1665.0 389.0
26985 1626.0 362.0
26997 1581.0 335.0
27009 1532.0 310.0
27020 1478.0 286.0
27032 1419.0 265.0
27044 1357.0 247.0
27056 1293.0 232.0
27068 1227.0 220.0
27080 1157.0 212.0
27091 1085.0 208.0
27103 1012.0 206.0
27115 937.0 208.0
27126 862.0 214.0
27138 786.0 223.0
27150 711.0 235.0
27162 637.0 251.0
27174 566.0 269.0
27186 498.0 291.0
27197 434.0 315.0
27209 375.0 341.0
27221 320.0 369.0
27233 270.0 399.0
27245 226.0 431.0
27257 188.0 465.0
27269 155.0 500.0
27280 129.0 536.0
27292 109.0 571.0
27304 96.0 605.0
27316 90.0 640.0
27328 90.0 674.0
27340 97.0 707.0
27352 110.0 739.0
27364 127.0 769.0
27376 150.0 799.0
27388 179.0 826.0
27399 213.0 851.0
27411 253.0 872.0
27423 299.0 891.0
27435 351.0 905.0
27447 407.0 917.0
27459 467.0 927.0
27471 530.0 934.0
27483 595.0 940.0
27495 663.0 944.0
27507 734.0 946.0
27519 807.0 945.0
27531 882.0 943.0
27543 958.0 938.0
27554 1034.0 930.0
27566 1110.0 921.0
27578 1186.0 908.0
27590 1260.0 893.0
27602 1332.0 874.0
27614 1399.0 852.0
27626 1462.0 829.0
27638 1519.0 807.0
27650 1570.0 787.0
27661 1614.0 767.0
27674 1652.0 747.0
27686 1684.0 728.0
27697 1710.0 707.0
27709 1730.0 684.0
27721 1744.0 661.0
27733 1753.0 636.0
27744 1758.0 610.0
27757 1758.0 585.0
27768 1753.0 561.0
27780 1744.0 536.0
27792 1730.0 510.0
27804 1710.0 482.0
27816 1684.0 453.0
27827 1654.0 424.0
27839 1618.0 394.0
27851 1578.0 365.0
27863 1533.0 336.0
27875 1484.0 308.0
27887 1430.0 282.0
27898 1372.0 257.0
27910 1311.0 237.0
27922 1248.0 220.0
27934 1182.0 209.0
27945 1114.0 203.0
27957 1045.0 201.0
27969 975.0 203.0
27981 903.0 207.0
27992 830.0 214.0
28004 757.0 223.0
28016 685.0 235.0
28028 613.0 250.0
28040 545.0 267.0
28051 480.0 288.0
28063 419.0 313.0
28075 363.0 340.0
28087 314.0 370.0
28099 270.0 401.0
28110 233.0 433.0
28122 203.0 465.0
28134 179.0 499.0
28146 162.0 533.0
28158 151.0 567.0
28170 146.0 602.0
28182 146.0 637.0
28193 152.0 672.0
28206 163.0 706.0
28217 181.0 739.0
28229 204.0 770.0
28241 232.0 802.0
28253 265.0 832.0
28265 302.0 860.0
28277 344.0 885.0
28289 392.0 905.0
28301 445.0 922.0
28312 503.0 934.0
28325 565.0 942.0
28336 632.0 946.0
28348 702.0 947.0
28360 773.0 945.0
28372 844.0 940.0
28384 915.0 934.0
28396 984.0 927.0
28408 1052.0 917.0
28420 1119.0 907.0
28432 1185.0 894.0
28443 1251.0 879.0
28456 1315.0 863.0
28467 1377.0 845.0
28479 1434.0 827.0
28491 1487.0 807.0
28503 1535.0 787.0
28515 1577.0 765.0
28527 1614.0 743.0
28539 1646.0 721.0
28550 1673.0 700.0
28562 1696.0 679.0
28574 1715.0 658.0
28586 1729.0 637.0
28598 1740.0 616.0
28610 1745.0 595.0
28622 1745.0 572.0
28633 1739.0 548.0
28645 1727.0 523.0
28657 1712.0 497.0
28669 1692.0 471.0
28681 1667.0 444.0
28693 1638.0 417.0
28704 1603.0 389.0
28716 1562.0 361.0
28728 1516.0 332.0
28740 1464.0 304.0
28751 1408.0 277.0
28763 1350.0 253.0
28775 1293.0 231.0
28787 1233.0 211.0
28799 1171.0 194.0
28811 1105.0 179.0
28822 1036.0 168.0
28834 964.0 162.0
28846 888.0 161.0
28858 811.0 165.0
28869 735.0 175.0
28881 661.0 191.0
28893 590.0 210.0
28905 523.0 233.0
28917 460.0 259.0
28928 400.0 287.0
28940 346.0 317.0
28952 296.0 350.0
28964 251.0 383.0
28976 211.0 418.0
28988 176.0 454.0
28999 146.0 490.0
29011 123.0 526.0
29024 106.0 561.0
29035 95.0 595.0
29047 91.0 628.0
29059 93.0 659.0
29071 100.0 689.0
29083 113.0 718.0
29095 131.0 746.0
29107 153.0 773.0
29119 180.0 800.0
29130 212.0 826.0
29142 248.0 850.0
29154 288.0 872.0
29166 332.0 892.0
29178 381.0 909.0
29190 435.0 924.0
29202 492.0 937.0
29214 552.0 947.0
29226 615.0 955.0
29238 680.0 962.0
29250 748.0 967.0
29261 818.0 970.0
29274 891.0 971.0
29285 967.0 968.0
29297 1044.0 960.0
29309 1120.0 950.0
29321 1195.0 937.0
29333 1268.0 920.0
29345 1336.0 900.0
29357 1401.0 877.0
29369 1460.0 853.0
29381 1516.0 827.0
29392 1566.0 802.0
29405 1610.0 779.0
29416 1650.0 756.0
29428 1683.0 735.0
29440 1713.0 714.0
29452 1737.0 693.0
29464 1756.0 671.0
29476 1771.0 648.0
29488 1781.0 624.0
29499 1785.0 600.0
29511 1783.0 575.0
29523 1774.0 549.0
29535 1759.0 522.0
29547 1738.0 495.0
29559 1711.0 467.0
29570 1679.0 440.0
29582 1640.0 412.0
29594 1596.0 386.0
29606 1546.0 361.0
29618 1489.0 338.0
29630 1427.0 318.0
29642 1362.0 301.0
29653 1294.0 288.0
29665 1222.0 278.0
29677 1149.0 271.0
29689 1075.0 264.0
29700 999.0 259.0
29712 923.0 257.0
29724 845.0 258.0
29736 768.0 263.0
29748 691.0 272.0
29759 616.0 284.0
29771 544.0 299.0
29783 477.0 317.0
29795 413.0 338.0
29807 353.0 362.0
29819 299.0 388.0
29831 251.0 416.0
29842 209.0 445.0
29854 173.0 476.0
29866 145.0 507.0
29878 123.0 538.0
29890 109.0 571.0
29902 101.0 603.0
29914 99.0 636.0
29926 101.0 668.0
29937 109.0 700.0
29950 121.0 731.0
29961 140.0 762.0
29973 163.0 791.0
29985 193.0 818.0
29997 228.0 844.0
