0.0 0 0 
0.004990115000000017 0 0 
0.009980229000000174 0 0 
0.014970343999999969 0 0 
0.019960458999999986 0 0 
0.024950574000000003 0 0 
0.02994068900000002 0 0 
0.03493080400000004 0 0 
0.039920919000000055 0 0 
0.04491103400000007 0 0 
0.04990114900000009 0 0 
0.054891264000000106 0 0 
0.05988137900000012 0 0 
0.06487149400000014 0 0 
0.06986160800000007 0 0 
0.07485172300000009 0 0 
0.07984183800000011 0 0 
0.08483195300000013 0 0 
0.08982206800000014 0 0 
0.09481218300000016 0 0 
0.09980229799999996 0 0 
0.10479241299999997 0 0 
0.10978252799999999 0 0 
0.11477264300000001 0 0 
0.11976275800000002 0 0 
0.12475287300000004 0 0 
0.12974298800000006 0 0 
0.134733102 0 0 
0.139723217 0 0 
0.14471333200000003 0 0 
0.14970344700000005 0 0 
0.15469356200000006 0 0 
0.15968367700000008 0 0 
0.1646737920000001 0 0 
0.1696639070000001 0 0 
0.17465402200000013 0 0 
0.17964413700000015 0 0 
0.18463425200000017 0 0 
0.18962436699999996 0 0 
0.19461448100000012 0 0 
0.19960459600000013 0 0 
0.20459471100000015 0 0 
0.20958482600000017 0 0 
0.21457494099999996 0 0 
0.21956505599999998 0 0 
0.224555171 0 0 
0.22954528600000002 0 0 
0.23453540100000003 0 0 
0.23952551600000005 0 0 
0.24451563100000007 0 0 
0.24950574600000008 0 0 
0.2544958610000001 0 0 
0.25948597500000004 0 0 
0.26447609000000005 0 0 
0.26946620500000007 0 0 
0.2744563200000001 0 0 
0.2794464350000001 0 0 
0.2844365500000001 0 0 
0.28942666500000014 0 0 
0.29441678000000016 0 0 
0.2994068950000002 0 0 
0.30439700999999997 0 0 
0.309387125 0 0 
0.31437724 0 0 
0.319367355 0 0 
0.32435746899999995 0 0 
0.32934758399999997 0 0 
0.334337699 0 0 
0.339327814 0 0 
0.344317929 0 0 
0.34930804400000004 0 0 
0.35429815900000006 0 0 
0.3592882740000001 0 0 
0.3642783890000001 0 0 
0.3692685040000001 0 0 
0.3742586190000001 0 0 
0.37924873400000014 0 0 
0.3842388480000001 0 0 
0.3892289630000001 0 0 
0.3942190780000001 0 0 
0.3992091929999999 0 0 
0.4041993079999999 0 0 
0.40918942299999994 0 0 
0.41417953799999996 0 0 
0.419169653 0 0 
0.424159768 0 0 
0.429149883 0 0 
0.434139998 0 0 
0.43913011300000004 0 0 
0.44412022800000006 0 0 
0.449110342 0 0 
0.454100457 0 0 
0.45909057200000003 0 0 
0.46408068700000005 0 0 
0.46907080200000006 0 0 
0.4740609170000001 0 0 
0.4790510320000001 0 0 
0.4840411470000001 0 0 
0.48903126200000013 0 0 
0.49402137700000015 0 0 
0.49901149200000017 0 0 
0.5040016070000002 0 0 
0.5089917210000001 0 0 
0.5139818360000001 0 0 
0.5189719510000002 0 0 
0.5239620660000002 0 0 
0.5289521810000002 0 0 
0.5339422960000002 0 0 
0.5389324110000002 0 0 
0.5439225260000002 0 0 
0.5489126410000003 0 0 
0.5539027560000003 0 0 
0.5588928709999998 0 0 
0.5638829859999999 0 0 
0.5688731009999999 0 0 
0.5738632150000003 0 0 
0.5788533300000003 0 0 
0.5838434449999998 0 0 
0.5888335599999999 0 0 
0.5938236749999999 0 0 
0.5988137899999999 0 0 
0.6038039049999999 0 0 
0.6087940199999999 0 0 
0.613784135 0 0 
0.61877425 0 0 
0.623764365 0 0 
0.62875448 0 0 
0.633744595 0 0 
0.638734709 0 0 
0.643724824 0 0 
0.648714939 0 0 
0.653705054 0 0 
0.658695169 0 0 
0.663685284 0 0 
0.6686753990000001 0 0 
0.6736655140000001 0 0 
0.6786556290000001 0 0 
0.6836457440000001 0 0 
0.6886358590000001 0 0 
0.6936259740000001 0 0 
0.6986160880000001 0 0 
0.7036062030000001 0 0 
0.7085963180000001 0 0 
0.7135864330000001 0 0 
0.7185765480000001 0 0 
0.7235666630000002 0 0 
0.7285567780000002 0 0 
0.7335468930000002 0 0 
0.7385370080000002 0 0 
0.7435271230000002 0 0 
0.7485172380000003 0 0 
0.7535073530000003 0 0 
0.7584974680000003 0 0 
0.7634875820000002 0 0 
0.7684776970000002 0 0 
0.7734678120000003 0 0 
0.7784579270000003 0 0 
0.7834480419999998 0 0 
0.7884381569999999 0 0 
0.7934282719999999 0 0 
0.7984183869999999 0 0 
0.8034085019999999 0 0 
0.8083986169999999 0 0 
0.813388732 0 0 
0.818378847 0 0 
0.8233689609999999 0 0 
0.8283590759999999 0 0 
0.8333491909999999 0 0 
0.838339306 0 0 
0.843329421 0 0 
0.848319536 0 0 
0.853309651 0 0 
0.858299766 0 0 
0.863289881 0 0 
0.868279996 0 0 
0.8732701110000001 0 0 
0.8782602260000001 0 0 
0.8832503410000001 0 0 
0.888240455 0 0 
0.8932305700000001 0 0 
0.8982206850000001 0 0 
0.9032108000000001 0 0 
0.9082009150000001 0 0 
0.9131910300000001 0 0 
0.9181811450000001 0 0 
0.9231712600000002 0 0 
0.9281613750000002 0 0 
0.9331514900000002 0 0 
0.9381416050000002 0 0 
0.9431317200000002 0 0 
0.9481218350000002 0 0 
0.9531119490000002 0 0 
0.9581020640000002 0 0 
0.9630921790000002 0 0 
0.9680822940000002 0 0 
0.9730724090000002 0 0 
0.9780625240000003 0 0 
0.9830526390000003 0 0 
0.9880427539999999 0 0 
0.9930328689999999 0 0 
0.9980229839999999 0 0 
1.003013099 0 0 
1.008003214 0 0 
1.0129933279999999 0 0 
1.0179834429999999 0 0 
1.022973558 0 0 
1.027963673 0 0 
1.032953788 0 0 
1.037943903 0 0 
1.042934018 0 0 
1.047924133 0 0 
1.052914248 0 0 
1.057904363 0 0 
1.062894478 0 0 
1.067884593 0 0 
1.072874708 0 0 
1.077864822 0 0 
1.082854937 0 0 
1.087845052 0 0 
1.092835167 0 0 
1.097825282 0 0 
1.102815397 0 0 
1.107805512 0 0 
1.1136886070000003 0 0 
1.1204930000000002 0 0 
1.127594927 0 0 
1.1345065540000001 0 0 
1.1413430410000003 0 0 
1.1483022430000003 0 0 
1.154771721 0 0 
1.161539489 0 0 
1.1683015930000002 0 0 
1.175013479 0 0 
1.180003594 0 0 
1.185247066 0 0 
1.1920250289999998 0 0 
1.1987527730000003 0 0 
1.207835492 1121 364 
1.212825607 1121 364 
1.21953485 1120 363 
1.226048128 1120 363 
1.232754727 1120 363 
1.23975584 1118 361 
1.2466421690000002 1117 359 
1.253435235 1116 359 
1.259958707 1116 359 
1.2667842450000002 1116 359 
1.2737880010000002 1114 356 
1.2807959110000002 1114 354 
1.287400941 1114 353 
1.294008237 1114 353 
1.30075486 1114 353 
1.307839796 1114 349 
1.314731411 1113 347 
1.338226787 1112 344 
1.3438127250000003 1112 344 
1.350561614 1111 344 
1.3572149750000002 1111 343 
1.3639234620000003 1111 343 
1.370692741 1111 343 
1.3778139240000002 1108 343 
1.3845597930000002 1107 343 
1.3913007520000003 1107 343 
1.3979699710000002 1107 343 
1.404989208 1107 343 
1.4117275249999999 1107 343 
1.418601771 1107 342 
1.42518037 1107 342 
1.431882816 1107 342 
1.4398112690000002 1107 342 
1.4457404290000002 1107 342 
1.452437589 1107 342 
1.4591872330000002 1107 342 
1.465854942 1107 342 
1.4727880899999999 1107 342 
1.479655917 1107 342 
1.486362895 1107 342 
1.493105742 1107 342 
1.4998210260000002 1107 342 
1.507005644 1108 355 
1.5135276060000002 1109 358 
1.520432058 1109 360 
1.5271854780000003 1110 362 
1.5339173760000002 1110 362 
1.540765946 1111 366 
1.5477062680000002 1113 370 
1.5544445850000002 1113 373 
1.561231609 1114 375 
1.567927637 1114 375 
1.5748381300000003 1115 381 
1.581707845 1117 387 
1.588589265 1118 389 
1.5953347560000002 1118 393 
1.601925815 1118 393 
1.608825737 1120 399 
1.615769835 1122 406 
1.62254742 1122 409 
1.6293261380000001 1123 413 
1.6359591089999999 1123 413 
1.642679679 1125 420 
1.6496566270000002 1126 428 
1.6566581180000002 1127 432 
1.6632321860000001 1127 436 
1.669879506 1127 436 
1.6766638870000001 1129 443 
1.683655183 1130 451 
1.690431635 1131 455 
1.697299085 1131 459 
1.7040003980000002 1131 459 
1.7106737710000002 1133 467 
1.7176397690000003 1134 476 
1.724541956 1134 480 
1.7312311870000001 1135 484 
1.7379925360000001 1135 484 
1.7447108400000002 1136 493 
1.751802573 1137 501 
1.7585907299999999 1137 505 
1.7653841730000002 1138 509 
1.7722267020000002 1138 514 
1.7788385290000002 1139 518 
1.7857988640000002 1140 526 
1.7926553630000002 1140 530 
1.799486564 1141 534 
1.806175418 1141 538 
1.8128397280000002 1142 542 
1.819691697 1142 550 
1.826528562 1143 553 
1.83335259 1143 557 
1.8400754250000002 1144 560 
1.846737848 1144 563 
1.8536453210000001 1144 569 
1.8605365580000002 1144 571 
1.8672276770000003 1144 574 
1.8741200460000003 1145 576 
1.880716392 1145 578 
1.8876846560000002 1145 580 
1.8945468189999999 1145 581 
1.9012926870000002 1145 582 
1.908119358 1145 582 
1.914742134 1144 582 
1.9215627630000003 1144 582 
1.928518189 1144 583 
1.9351957149999999 1144 583 
1.942014456 1143 583 
1.9486659290000001 1143 583 
1.9556206 1143 583 
1.9624774770000002 1142 583 
1.969147451 1142 583 
1.976012635 1142 583 
1.9826878950000002 1142 583 
1.9893963829999999 1142 583 
1.9964454489999999 1142 583 
2.003231341 1142 583 
2.010024784 1143 583 
2.016845036 1143 582 
2.023366998 1144 582 
2.03012004 1145 582 
2.037199313 1148 582 
2.043927434 1149 582 
2.05069558 1151 582 
2.0572730470000002 1152 582 
2.064188827 1154 582 
2.071069114 1158 583 
2.0779962210000003 1160 584 
2.084672614 1162 584 
2.091304075 1164 585 
2.098075241 1166 585 
2.105124307 1169 586 
2.1119400280000002 1171 586 
2.118735359 1172 586 
2.125495198 1174 587 
2.132348676 1175 587 
2.137338791 1176 587 
2.142779361 1177 588 
2.149663046 1177 588 
2.156759687 1179 589 
2.163386617 1179 589 
2.170372627 1179 590 
2.176991628 1179 590 
2.1837748770000003 1179 590 
2.190837535 1178 590 
2.197597752 1177 590 
2.2042665930000003 1175 590 
2.210939966 1174 590 
2.218501787 1174 590 
2.223491902 1170 589 
2.228482017 1167 588 
2.235332097 1163 587 
2.2419733760000002 1160 586 
2.248737368 1160 586 
2.255573855 1155 585 
2.2622789450000003 1152 585 
2.269577969 1146 585 
2.276295141 1144 585 
2.28298777 1144 585 
2.289927715 1138 585 
2.296511224 1135 585 
2.303499499 1130 587 
2.31028237 1127 588 
2.316972356 1127 588 
2.323849623 1122 590 
2.330475042 1120 592 
2.337472002 1115 596 
2.344265823 1113 598 
2.350898794 1113 598 
2.357880273 1109 603 
2.364433575 1108 605 
2.371177555 1106 608 
2.378327435 1103 614 
2.385001185 1103 614 
2.3919131890000003 1101 621 
2.3985933580000003 1100 624 
2.40543702 1100 627 
2.412316174 1099 633 
2.4190458059999997 1099 633 
2.4258400050000004 1099 639 
2.4326583690000003 1099 642 
2.4393774280000002 1100 645 
2.446342671 1102 650 
2.4530107580000005 1102 650 
2.459724531 1104 654 
2.4664768180000003 1106 656 
2.473193235 1108 658 
2.480299316 1112 662 
2.486910387 1112 662 
2.4937623560000004 1117 666 
2.500452342 1119 667 
2.5071899030000004 1122 669 
2.514180067 1127 672 
2.520877982 1127 672 
2.5278707880000004 1133 674 
2.534547559 1136 674 
2.541258312 1139 675 
2.5482397910000003 1145 676 
2.5549029690000005 1145 676 
2.561761356 1150 677 
2.5685615960000003 1153 677 
2.575803228 1158 678 
2.5824758460000004 1160 679 
2.589430139 1162 679 
2.5959147209999998 1164 680 
2.6026704059999997 1166 680 
2.6094955659999997 1167 681 
2.6165064960000004 1169 681 
2.62335922 1170 682 
2.6299083679999997 1170 682 
2.6367391920000003 1171 682 
2.6434952550000004 1171 682 
2.6503426919999997 1171 682 
2.657222602 1170 682 
2.6640186879999996 1169 682 
2.670654303 1168 682 
2.677468135 1166 681 
2.6845002100000004 1163 680 
2.6912241789999998 1160 680 
2.697959475 1158 679 
2.704630959 1156 678 
2.711338314 1153 677 
2.718334896 1149 675 
2.725179313 1146 674 
2.731981063 1144 673 
2.7385925120000003 1141 672 
2.745492811 1139 671 
2.752503364 1135 670 
2.759304736 1133 670 
2.766017377 1131 670 
2.77273908 1129 670 
2.779412453 1127 671 
2.786484929 1124 674 
2.7932829029999997 1122 677 
2.799983084 1121 680 
2.80662474 1120 683 
2.8134684009999997 1119 687 
2.8203513310000004 1118 691 
2.8272066980000004 1116 700 
2.8339797520000003 1115 705 
2.8407852780000002 1114 710 
2.847311016 1113 715 
2.8540938870000003 1112 721 
2.861065172 1110 732 
2.8678782490000003 1109 738 
2.874661875 1107 743 
2.8812408530000004 1106 749 
2.888115098 1104 755 
2.895021816 1102 766 
2.9018333839999997 1100 772 
2.9085694350000004 1099 778 
2.9151782410000004 1097 784 
2.9219475189999997 1095 790 
2.928831582 1094 796 
2.935665804 1094 796 
2.94257743 1090 814 
2.9492689270000003 1088 820 
2.956080116 1087 826 
2.9629064090000004 1086 833 
2.9696598290000003 1086 833 
2.9764834789999997 1082 852 
2.9832365210000003 1080 859 
2.9899559580000004 1079 866 
2.996870983 1079 872 
3.0036036360000002 1079 872 
3.010562082 1077 891 
3.017212422 1076 897 
3.023937523 1076 904 
3.03072417 1076 910 
3.037553862 1076 910 
3.044471529 1077 931 
3.0511396160000004 1078 939 
3.0579542039999996 1079 946 
3.0647404729999996 1080 954 
3.0714833200000005 1080 954 
3.078496138 1086 977 
3.085145346 1089 985 
3.0919301050000003 1092 992 
3.0987926459999997 1095 999 
3.10563593 1095 999 
3.112582293 1104 1019 
3.119340244 1108 1026 
3.125990584 1112 1033 
3.1328704940000005 1116 1039 
3.1399052120000004 1124 1052 
3.1465317639999997 1129 1059 
3.153283673 1135 1066 
3.1599521370000003 1140 1072 
3.1669268200000005 1146 1079 
3.1738667649999996 1158 1090 
3.18047255 1164 1096 
3.1871614040000003 1171 1101 
3.193886127 1178 1106 
3.200763016 1184 1110 
3.2077305240000005 1198 1119 
3.214479036 1205 1122 
3.2210995469999997 1212 1126 
3.2278337099999996 1219 1129 
3.2347389170000005 1226 1132 
3.2417411630000004 1240 1137 
3.2485296980000005 1247 1139 
3.255134728 1255 1141 
3.26194554 1262 1143 
3.2687238800000005 1269 1144 
3.2758235420000004 1284 1145 
3.2825407140000005 1290 1145 
3.2893311370000005 1297 1145 
3.2959565570000002 1304 1145 
3.30274849 1311 1144 
3.3097934020000004 1324 1142 
3.3164826329999997 1330 1141 
3.323362165 1337 1140 
3.329898098 1344 1138 
3.3367655469999997 1350 1137 
3.3437224829999996 1363 1134 
3.35054198 1370 1132 
3.35812268 1376 1129 
3.3643357810000003 1382 1127 
3.3709797019999996 1388 1125 
3.3779381490000002 1399 1119 
3.3848241000000003 1404 1116 
3.391488788 1410 1113 
3.398074939 1415 1110 
3.405166672 1421 1107 
3.412320705 1432 1100 
3.419043918 1437 1097 
3.425962341 1442 1093 
3.4324167159999996 1447 1090 
3.439227906 1452 1086 
3.4461636980000003 1462 1079 
3.4530307689999997 1466 1075 
3.4597815460000003 1470 1070 
3.46643755 1474 1066 
3.4731981440000004 1477 1061 
3.4802445669999997 1484 1052 
3.4869160509999997 1487 1047 
3.493685329 1490 1042 
3.5003802239999997 1493 1037 
3.5071102339999998 1496 1032 
3.514145707 1501 1022 
3.520886289 1504 1018 
3.527688039 1506 1013 
3.5343455529999996 1509 1008 
3.541065746 1511 1003 
3.547998894 1515 993 
3.554847842 1517 988 
3.561582383 1518 983 
3.568218375 1519 978 
3.5751013050000005 1521 974 
3.58197253 1523 964 
3.588861124 1524 960 
3.595525812 1525 955 
3.6021591610000003 1526 951 
3.608979412 1527 947 
3.6160243249999997 1529 940 
3.6228687419999996 1530 936 
3.629582138 1532 933 
3.6363476400000003 1533 929 
3.643096151 1534 926 
3.6500606390000003 1536 920 
3.6568559699999996 1537 917 
3.6636199620000003 1538 914 
3.6703265619999996 1540 911 
3.677016171 1541 909 
3.6842000329999998 1543 904 
3.690755223 1544 902 
3.6976094570000004 1545 900 
3.704232233 1547 898 
3.7109010749999998 1548 896 
3.7177953319999997 1548 896 
3.724718664 1552 891 
3.731559305 1554 889 
3.73828214 1556 887 
3.744945318 1558 886 
3.751651163 1558 886 
3.758716842 1564 882 
3.7653981439999997 1566 881 
3.772108897 1569 880 
3.778793975 1571 878 
3.7855375770000004 1571 878 
3.7926682009999997 1578 875 
3.799392547 1580 873 
3.806258863 1582 872 
3.8128529440000003 1584 870 
3.8196456320000003 1584 870 
3.8267181079999997 1588 864 
3.8334632209999997 1590 863 
3.8402966880000005 1591 861 
3.846843948 1592 859 
3.8536524950000004 1592 859 
3.860660404 1594 854 
3.8673435940000003 1594 853 
3.874187256 1595 852 
3.8809289700000003 1595 852 
3.8876567150000003 1595 852 
3.8943417919999996 1595 851 
3.9013157200000004 1595 850 
3.907982296 1595 850 
3.9148286 1595 850 
3.9214664800000003 1595 850 
3.928144006 1594 850 
3.935234606 1593 850 
3.9419332760000003 1592 849 
3.9488751090000003 1591 849 
3.955374794 1591 849 
3.9620968750000003 1589 849 
3.969081374 1586 849 
3.975871797 1584 850 
3.9826656180000004 1582 850 
3.989355982 1582 850 
3.9961490480000004 1578 852 
4.003149405 1574 854 
4.009955687 1571 854 
4.016763478 1569 855 
4.023642255 1566 856 
4.0302642760000005 1563 857 
4.037183454 1557 858 
4.044115092 1554 859 
4.050843969 1551 859 
4.057869625 1548 860 
4.064212614 1544 860 
4.071197491 1538 861 
4.077947513 1534 862 
4.08470131 1531 862 
4.091446045 1528 862 
4.097995194 1524 863 
4.105180567 1518 863 
4.111861491 1514 863 
4.118616798 1511 863 
4.125362666 1508 863 
4.132023201 1504 863 
4.139032244 1497 861 
4.145814359 1494 860 
4.152627059 1490 859 
4.159367641 1487 857 
4.166077639 1484 856 
4.1729318730000005 1477 853 
4.179713989 1474 851 
4.186489309 1471 849 
4.193298233 1469 847 
4.200001057 1466 846 
4.207015008 1461 842 
4.213813737 1458 840 
4.220562626 1456 838 
4.2271650130000005 1454 836 
4.233983377 1452 834 
4.240939935 1448 830 
4.247652199 1448 830 
4.254354645 1448 830 
4.261208879 1444 825 
4.267913968 1443 824 
4.274871282 1441 822 
4.281490283 1441 822 
4.288298074 1441 822 
4.295025819 1439 821 
4.301790188 1439 821 
4.308734664 1437 822 
4.315417476 1437 822 
4.322290589 1437 822 
4.329079879 1434 825 
4.335782325 1433 826 
4.342529704 1432 828 
4.349400174 1431 830 
4.356332567 1431 830 
4.3631437570000005 1426 836 
4.3698628170000005 1424 838 
4.376595092 1422 840 
4.383425538 1419 842 
4.390626769 1414 846 
4.397175918 1411 847 
4.403877231 1408 848 
4.410618191 1404 850 
4.417607599 1401 851 
4.42451696 1393 853 
4.431192598 1388 854 
4.436182713 1384 854 
4.441172828 1384 854 
4.446162943 1380 855 
4.451823264 1375 855 
4.458642383 1365 854 
4.465459237 1360 853 
4.472035571 1355 852 
4.478955881 1350 850 
4.486005703 1344 848 
4.4928493640000005 1334 844 
4.499671504 1329 842 
4.506338457 1324 840 
4.512985022 1319 837 
4.51986984 1314 834 
4.5270140560000005 1305 828 
4.533656467 1300 825 
4.540330595 1296 822 
4.547079483 1292 818 
4.55402547 1288 815 
4.560919727 1281 807 
4.567696935 1277 803 
4.57438541 1275 799 
4.581088612 1272 795 
4.587970409 1270 791 
4.594900915 1266 783 
4.601650559 1265 779 
4.608249925 1265 775 
4.614993528 1264 771 
4.62189949 1264 768 
4.6287869520000005 1264 760 
4.635663085 1265 756 
4.642320977 1266 752 
4.649067978 1267 748 
4.655970542 1268 744 
4.662848941 1271 735 
4.669621618 1273 730 
4.676180583 1275 725 
4.682972516 1277 720 
4.6898127800000005 1279 716 
4.6967440400000005 1283 707 
4.7034891530000005 1286 703 
4.710129676 1289 700 
4.716952571 1292 696 
4.723934427 1295 693 
4.730789416 1301 686 
4.737490352 1304 682 
4.744201483 1308 679 
4.750970384 1311 675 
4.75798811 1319 668 
4.764793636 1322 665 
4.771484 1326 662 
4.7783404990000005 1330 659 
4.784943264 1334 656 
4.7917959880000005 1338 654 
4.798693266 1346 650 
4.805425541 1351 648 
4.812237864 1355 647 
4.818844404 1359 646 
4.825771512 1363 646 
4.8326816280000005 1371 645 
4.839523779 1375 645 
4.846249635 1379 645 
4.852950194 1383 645 
4.85969795 1387 646 
4.866710768 1395 648 
4.873533285 1399 649 
4.880317289 1403 650 
4.88696121 1407 652 
4.893711609 1410 654 
4.900770492 1417 659 
4.907647381 1420 662 
4.91431509 1424 666 
4.920993748 1427 669 
4.927736596 1429 673 
4.934725249 1435 682 
4.941452238 1437 686 
4.948245681 1439 690 
4.95483372 1441 694 
4.961577701 1443 699 
4.968395309 1445 703 
4.975286924 1448 711 
4.982103022 1450 716 
4.98892063 1451 720 
4.995552091 1452 725 
5.002323258 1453 729 
5.009313798 1454 739 
5.016061932 1455 744 
5.0228463130000005 1455 748 
5.029483816 1455 753 
5.0362995360000005 1455 753 
5.043415057 1454 765 
5.050120901 1453 769 
5.056872055 1452 772 
5.063624342 1451 775 
5.070426848 1451 775 
5.077506498 1448 784 
5.084271245 1447 787 
5.091064311 1445 790 
5.097724845 1444 793 
5.104692354 1444 793 
5.111558293 1440 801 
5.118403842 1439 803 
5.1250262410000005 1438 806 
5.131783437 1438 808 
5.138651264 1438 808 
5.145527775 1436 816 
5.15238352 1435 818 
5.158997234 1435 821 
5.165797474 1435 823 
5.17253126 1435 823 
5.179506697 1436 831 
5.18626276 1436 833 
5.192986728 1437 836 
5.199821328 1438 838 
5.206569462 1438 838 
5.213530551 1443 845 
5.220206944 1445 847 
5.226990948 1446 849 
5.233762869 1449 851 
5.240449835 1449 851 
5.247622748 1456 855 
5.254299141 1458 856 
5.261205103 1461 857 
5.267763691 1464 858 
5.274903754 1466 858 
5.281644336 1472 859 
5.2883596200000005 1475 860 
5.2952108330000005 1479 860 
5.301841917 1482 860 
5.308828304 1485 860 
5.315559447 1492 860 
5.322283415 1496 860 
5.329046274 1499 860 
5.335692084 1503 859 
5.342582943 1507 859 
5.349355997 1515 858 
5.3562170270000005 1519 857 
5.362960252 1523 857 
5.369738592 1527 856 
5.376404413 1531 855 
5.383071745 1535 854 
5.390055489 1544 852 
5.396763977 1547 850 
5.4035687470000004 1551 849 
5.410299512 1555 847 
5.417011398 1559 845 
5.423926423 1565 840 
5.430675311 1568 838 
5.437429486 1571 835 
5.4443203460000005 1574 833 
5.450974839 1576 830 
5.4580095570000005 1581 824 
5.464769018 1583 821 
5.471509978 1585 818 
5.478206005 1587 815 
5.484895236 1589 812 
5.49204134 1592 805 
5.498748317 1593 802 
5.5055908460000005 1595 799 
5.512318213 1596 795 
5.5190331200000005 1597 792 
5.526313265 1599 785 
5.533063664 1600 782 
5.538053779 1600 779 
5.543562313 1601 775 
5.550133739 1602 772 
5.556879229 1602 769 
5.563528059 1602 766 
5.570329054 1603 763 
5.577611088 1603 757 
5.584577086 1603 753 
5.591075261 1603 750 
5.598055607 1603 747 
5.604963457 1602 741 
5.611628145 1602 738 
5.618485778 1602 735 
5.625298478 1601 732 
5.631943154 1601 729 
5.638871394 1600 724 
5.645720342 1600 722 
5.652513407 1599 719 
5.659050851 1599 717 
5.665876766 1598 715 
5.672812558 1597 711 
5.6795644670000005 1597 709 
5.68634394 1596 708 
5.6930263740000004 1596 706 
5.699883629 1595 705 
5.70661024 1595 705 
5.713621171 1594 703 
5.720362508 1593 703 
5.727218252 1592 702 
5.7338429170000005 1591 702 
5.740610685 1591 701 
5.747498523 1590 701 
5.754244391 1590 701 
5.761271558 1585 701 
5.767785591 1584 701 
5.774619435 1582 701 
5.781563156 1580 702 
5.788267113 1580 702 
5.795181005 1572 704 
5.801849468 1570 705 
5.808704458 1567 706 
5.815467317 1564 707 
5.822335144 1564 707 
5.829164457 1554 710 
5.835993393 1551 711 
5.842533102 1548 713 
5.849274062 1544 714 
5.85629934 1544 714 
5.863081456 1533 719 
5.869948528 1529 720 
5.876473511 1525 722 
5.883255249 1521 723 
5.890120433 1521 723 
5.896989393 1508 727 
5.9039689840000005 1503 728 
5.910445259 1499 728 
5.917410501 1494 728 
5.924094446 1494 728 
5.931003052 1480 726 
5.937786678 1475 726 
5.944469868 1470 724 
5.95118704 1465 723 
5.958146241 1465 723 
5.965056735 1452 719 
5.971776172 1448 718 
5.978447657 1445 716 
5.985131602 1441 715 
5.992302626 1435 712 
5.998915208 1433 711 
6.005699967 1431 710 
6.012471511 1429 709 
6.019420896 1428 708 
6.026252475 1426 707 
6.032953788 1426 706 
6.0398008480000005 1426 706 
6.0463922850000005 1427 706 
6.053171758 1428 705 
6.060251408 1430 704 
6.066970846 1433 704 
6.073890779 1435 703 
6.080519974 1438 703 
6.087308887 1440 702 
6.094298295 1447 702 
6.100989791 1452 702 
6.107809288 1456 702 
6.1144509430000005 1461 702 
6.121290074 1466 703 
6.1283565090000005 1477 704 
6.135158259 1482 705 
6.14187241 1488 705 
6.148513311 1494 706 
6.155313173 1500 706 
6.162301071 1513 706 
6.169097912 1518 706 
6.175904571 1524 706 
6.182647041 1530 705 
6.189321924 1535 704 
6.196284524 1545 702 
6.203037943 1550 700 
6.209737369 1554 698 
6.216475308 1559 696 
6.223220043 1562 694 
6.230371056 1569 689 
6.237006293 1572 687 
6.243775949 1575 684 
6.250482926 1578 681 
6.257208782 1580 678 
6.264228775 1584 671 
6.271004849 1586 668 
6.277902505 1587 665 
6.284661211 1589 661 
6.291419162 1590 658 
6.298122363 1591 655 
6.305131405 1592 649 
6.311967516 1592 646 
6.318744723 1592 643 
6.325377317 1592 641 
6.3321145 1592 638 
6.33915677 1591 634 
6.345857706 1591 632 
6.352704011 1590 630 
6.359251648 1589 628 
6.366110413 1588 627 
6.37310322 1587 626 
6.379830586 1586 625 
6.386709741 1585 625 
6.393273237 1583 625 
6.400097265 1582 625 
6.4069662240000005 1578 625 
6.413722287 1576 625 
6.420487789 1574 625 
6.427133221000001 1571 625 
6.433926286999999 1569 626 
6.440854904000001 1562 626 
6.447618141 1559 626 
6.454554688000001 1555 626 
6.461015860000001 1551 626 
6.467707356000001 1547 627 
6.474761708 1538 628 
6.481585357999999 1533 628 
6.488327073 1528 628 
6.495095596 1523 629 
6.501771989000001 1518 629 
6.508909409 1507 629 
6.5155752300000005 1502 629 
6.522435505 1496 628 
6.528992205000001 1490 628 
6.535719949 1490 628 
6.542983480999999 1472 625 
6.549552264 1465 624 
6.556374781 1459 623 
6.562977546 1452 622 
6.569720770999999 1452 622 
6.576690544000001 1432 619 
6.583503245 1425 617 
6.590300086 1419 616 
6.596907003999999 1412 614 
6.6038427959999995 1412 614 
6.610690233000001 1393 609 
6.617538804 1386 607 
6.624297510000001 1380 605 
6.630918021 1374 603 
6.637662378000001 1374 603 
6.645067126 1355 594 
6.652405042000001 1349 591 
6.658550555000001 1343 588 
6.665169179 1337 584 
6.671872758 1337 584 
6.678934283999999 1320 572 
6.6857228189999995 1315 568 
6.692439991 1310 563 
6.6993210329999995 1305 558 
6.7062545590000004 1305 558 
6.713344404 1291 543 
6.720104242000001 1287 537 
6.726718334 1283 532 
6.733340356 1279 527 
6.740081316 1279 527 
6.746912895 1273 516 
6.753912497000001 1267 505 
6.760611545000001 1265 499 
6.767314369 1262 493 
6.773994916 1262 493 
6.78074456 1259 482 
6.787713201 1256 470 
6.794508155 1254 465 
6.801280076 1253 459 
6.807965909000001 1253 459 
6.814649097999999 1252 447 
6.821675132 1251 436 
6.828438368 1251 430 
6.835227281000001 1251 424 
6.841857232 1251 424 
6.848731855 1253 413 
6.855750337000001 1255 402 
6.862468641 1256 397 
6.869307395000001 1258 392 
6.876060058999999 1260 387 
6.882591461 1262 383 
6.8897908039999995 1266 374 
6.896432460000001 1269 370 
6.903327095000001 1271 366 
6.91007032 1274 362 
6.916776919999999 1277 358 
6.923608122 1284 351 
6.930370602999999 1287 348 
6.937143657000001 1291 345 
6.943983921 1295 342 
6.9505285379999995 1299 339 
6.957279315 1303 337 
6.964357832 1311 332 
6.971075004 1315 330 
6.9779243289999995 1319 329 
6.984505194 1324 327 
6.991355653 1328 326 
6.998269166999999 1338 324 
7.005016923 1342 323 
7.011892679 1347 323 
7.018446357999999 1352 323 
7.025202042999999 1357 324 
7.0322076870000005 1366 325 
7.038978098 1370 327 
7.045784002 1375 328 
7.052411687 1379 330 
7.059305944999999 1384 331 
7.066126573999999 1392 335 
7.073039333 1396 337 
7.079648894000001 1400 339 
7.086381169 1404 341 
7.093133079 1408 343 
7.100096434 1416 349 
7.106906868 1420 353 
7.113587036999999 1424 356 
7.120425413 1428 360 
7.127027423 1433 364 
7.134033822 1441 372 
7.1407929050000005 1445 376 
7.1475938999999995 1449 380 
7.154311450000001 1453 384 
7.160948575 1456 388 
7.168190962 1463 394 
7.174805432 1466 397 
7.181619264999999 1469 400 
7.18824544 1472 403 
7.195064181 1474 405 
7.202093613 1479 409 
7.208830796 1480 412 
7.215726942000001 1482 414 
7.222405599999999 1483 416 
7.229262100000001 1485 417 
7.2361106699999995 1486 420 
7.24296868 1487 422 
7.249671881 1487 422 
7.256400758000001 1487 423 
7.263070355000001 1487 424 
7.269973675 1487 424 
7.276861136 1487 424 
7.283693092000001 1486 424 
7.290451043 1486 424 
7.297078351000001 1484 424 
7.304035664 1480 423 
7.310797012999999 1479 423 
7.317585171 1477 422 
7.324482826 1477 422 
7.331029332000001 1472 422 
7.337864687000001 1470 422 
7.344753657999999 1465 421 
7.351576929999999 1463 421 
7.358254079000001 1463 421 
7.3649833330000005 1457 421 
7.371726936000001 1454 422 
7.378746173000001 1448 422 
7.385674412999999 1445 423 
7.3922835959999995 1445 423 
7.398975848 1439 424 
7.405783639 1436 424 
7.412841767000001 1429 426 
7.419592166 1426 427 
7.426471321 1422 428 
7.433133743 1419 429 
7.439831659 1415 430 
7.446910931000001 1408 433 
7.4536126220000005 1405 434 
7.460423434 1401 435 
7.467017892 1398 437 
7.473773578 1395 438 
7.480835859 1388 441 
7.487546989999999 1384 443 
7.4944465330000005 1381 444 
7.50107082 1378 446 
7.507794788999999 1374 448 
7.514746816 1368 451 
7.521539127 1364 453 
7.528422435 1361 455 
7.534991217000001 1358 456 
7.541822796000001 1354 458 
7.548682316 1348 461 
7.555540703999999 1345 463 
7.562293746000001 1343 465 
7.5689705169999995 1340 467 
7.575715251999999 1337 469 
7.582675964000001 1333 473 
7.589564558 1331 475 
7.596439558999999 1329 477 
7.603074417999999 1327 479 
7.609857667000001 1326 481 
7.616821022000001 1323 485 
7.623604648 1322 486 
7.63042943 1321 488 
7.637122815000001 1321 489 
7.643804494 1320 490 
7.651908144999999 1319 492 
7.6575288200000005 1318 492 
7.66435247 1318 493 
7.67106058 1318 494 
7.6777248909999996 1317 494 
7.6846818269999995 1317 495 
7.691605536 1316 496 
7.6983495159999995 1316 496 
7.704990417 1316 496 
7.711881276000001 1316 497 
7.718737398000001 1315 497 
7.725527821000001 1315 497 
7.732455683 1315 496 
7.739038057999999 1315 496 
7.746078440000001 1314 495 
7.752761628999999 1312 493 
7.759868464999999 1311 491 
7.766400245000001 1311 489 
7.774261866000001 1311 489 
7.7802427540000005 1309 485 
7.786906686999999 1307 482 
7.793971612000001 1304 476 
7.800646872000001 1303 473 
7.807366687000001 1303 473 
7.814010607999999 1300 467 
7.820835391 1298 463 
7.828140079 1295 458 
7.8349040709999995 1294 455 
7.841627285 1294 455 
7.848421860999999 1292 451 
7.855176413 1291 450 
7.862117491 1290 448 
7.868848633 1289 448 
7.875542773 1289 448 
7.882202930000001 1289 448 
7.889082838999999 1290 449 
7.896140967 1291 453 
7.902886080000001 1292 455 
7.909605518 1292 455 
7.916527339000001 1294 460 
7.923145583999999 1295 463 
7.930214662 1297 469 
7.936953355999999 1299 471 
7.943825337000001 1300 474 
7.950425458000001 1302 476 
7.957250618000001 1304 479 
7.964329136000001 1307 484 
7.9710644319999995 1308 486 
7.977956046 1310 489 
7.984441761 1311 491 
7.991230673 1312 492 
7.998150606 1314 495 
8.004915731 1315 495 
8.011746177 1316 496 
8.018279467 1316 496 
8.025073288000002 1316 496 
8.03196226 1316 494 
8.038873130999999 1316 492 
8.045619376000001 1315 490 
8.052239887999999 1315 487 
8.059080529 1314 485 
8.065999329 1312 479 
8.072865268000001 1311 476 
8.079643608000001 1311 474 
8.08623429 1310 471 
8.093185185 1310 468 
8.100156469000002 1309 463 
8.106919706 1309 461 
8.113729386 1309 459 
8.120433341999998 1309 457 
8.127142585000001 1309 455 
8.13409348 1311 452 
8.140922415999999 1313 451 
8.147666017999999 1315 450 
8.154430388000002 1317 449 
8.161045612999999 1319 448 
8.168112048000001 1325 447 
8.174822801000001 1328 447 
8.181647583 1332 446 
8.188252990999999 1336 446 
8.195136299000001 1340 446 
8.201902556 1349 445 
8.208679764 1353 445 
8.215524936000001 1358 444 
8.222162060999999 1363 443 
8.229033663 1367 443 
8.235699106999999 1372 442 
8.242679075000002 1382 440 
8.249428341000002 1387 439 
8.256188179999999 1392 438 
8.262917812000001 1397 437 
8.269625167000001 1402 436 
8.276806009000001 1411 434 
8.283491842 1416 433 
8.29035476 1421 432 
8.296925430000002 1426 430 
8.303741905999999 1431 429 
8.310793615000001 1441 426 
8.317451128999998 1446 424 
8.324261941 1451 423 
8.330897556 1456 422 
8.337684580000001 1461 420 
8.344628679 1471 418 
8.351204257 1471 418 
8.358086432 1471 418 
8.364864773 1486 414 
8.371652175000001 1491 413 
8.378668769 1500 411 
8.385379522000001 1500 411 
8.392144645999998 1500 411 
8.398962255 1515 410 
8.405693775 1519 409 
8.412645047000002 1529 409 
8.419294255 1529 409 
8.426071085 1529 409 
8.432942687 1542 410 
8.439621346 1546 410 
8.446663238 1554 411 
8.453307537 1554 411 
8.460137605 1554 411 
8.466900464999998 1565 413 
8.473666345000002 1568 414 
8.480732779 1575 416 
8.487314777000002 1575 416 
8.494428787 1581 418 
8.500958301 1584 419 
8.507728334 1587 421 
8.51478835 1592 425 
8.521402065 1592 425 
8.52832011 1596 429 
8.534888893000002 1599 432 
8.541826572000002 1600 434 
8.548706859 1604 438 
8.555378721 1604 438 
8.562277131999998 1606 442 
8.568924829 1607 444 
8.575685800999999 1607 446 
8.582433934 1608 448 
8.589334611000002 1609 450 
8.596231888999998 1609 454 
8.602965297 1610 457 
8.609643955 1610 459 
8.616472514000002 1610 461 
8.623284459 1610 464 
8.630398469 1610 468 
8.636862284 1609 471 
8.643746724 1609 472 
8.651597018 1608 476 
8.657315108999999 1608 476 
8.664196151999999 1606 478 
8.670894444000002 1605 479 
8.677667120999999 1604 480 
8.684475667000001 1603 481 
8.691309134 1602 482 
8.698262671999998 1600 484 
8.704939066000001 1599 485 
8.711525594000001 1598 486 
8.718302424 1597 487 
8.725149106 1596 488 
8.73217665 1595 490 
8.738896465 1594 492 
8.745574745999999 1593 493 
8.752309287 1593 494 
8.759117078 1592 495 
8.766070616 1591 498 
8.772905216000002 1590 499 
8.779524216999999 1590 501 
8.786229683999998 1589 502 
8.793122054000001 1589 504 
8.799936640999999 1588 507 
8.80673235 1587 509 
8.813591115000001 1587 510 
8.820131957000001 1586 512 
8.827001293999999 1585 513 
8.833906879 1584 516 
8.840771308 1583 517 
8.847493766 1582 518 
8.854251716 1582 520 
8.861099154000001 1581 521 
8.867944326 1581 525 
8.874788743 1581 527 
8.881557643 1581 529 
8.888222709 1581 531 
8.895187952 1581 533 
8.900178066999999 1582 536 
8.905444194000001 1582 539 
8.912074144000002 1583 542 
8.919133028000001 1585 548 
8.925890600999999 1586 551 
8.932871702 1588 554 
8.939608131 1589 557 
8.946403462 1590 559 
8.953446864 1592 564 
8.96024144 1592 567 
8.967005432 1593 569 
8.97365615 1594 571 
8.980697287000002 1594 576 
8.987402375999999 1594 578 
8.994246415 1594 580 
9.000880897000002 1594 583 
9.007725314000002 1594 585 
9.014657707000001 1593 589 
9.021480224000001 1593 591 
9.028251012999998 1592 593 
9.035018780000001 1592 595 
9.041756718999999 1591 597 
9.048406304 1590 598 
9.055410815999998 1588 602 
9.062187267999999 1587 604 
9.068842894 1587 604 
9.075650685 1587 604 
9.082472070000001 1583 609 
9.089564558 1580 613 
9.096150709 1578 615 
9.10286486 1578 615 
9.109548427 1578 615 
9.116381139000001 1574 620 
9.123420765999999 1571 624 
9.130147755 1569 626 
9.136831321999999 1569 626 
9.143500162999999 1569 626 
9.150286433000002 1564 630 
9.157238459999999 1561 633 
9.164056446 1559 633 
9.170863104999999 1559 633 
9.177787569 1556 635 
9.184340493 1554 636 
9.191262691999999 1551 638 
9.198224537000002 1550 639 
9.204812197999999 1550 639 
9.211722314 1547 641 
9.218359816 1547 641 
9.225464009 1542 644 
9.232063752999998 1542 644 
9.238732973000001 1542 644 
9.245851891000001 1536 647 
9.252240189999998 1536 647 
9.259021173 1536 647 
9.265855394999999 1536 647 
9.272570679000001 1536 647 
9.279421137 1536 647 
9.286172291 1536 647 
9.293194548999999 1536 647 
9.299785609 1536 647 
9.30656848 1536 647 
9.313328319 1536 647 
9.320104771 1536 647 
9.326942014 1536 647 
9.333628602000001 1536 647 
9.340446587999999 1536 647 
9.3471075 1536 647 
9.353900188 1536 647 
9.360680039000002 1536 647 
9.367471216999999 1536 647 
9.374244270999998 1536 647 
9.380968239000001 1536 647 
9.38778396 1536 647 
9.394475078 1536 647 
9.40127192 1536 647 
9.408055924 1536 647 
9.414881084000001 1536 647 
9.421608451 1536 647 
9.428352809 1536 647 
9.435200624 1536 647 
9.441929123000001 1536 647 
9.448677257 1536 647 
9.455323443000001 1536 647 
9.462037216999999 1536 647 
9.468835569 1536 647 
9.47556218 1536 647 
9.482400556000002 1536 647 
9.489041456999999 1536 647 
9.495834521999999 1536 647 
9.502589451999999 1536 647 
9.509342494999999 1536 647 
9.516044185999998 1536 647 
9.522813086 1536 647 
9.529522707000002 1536 647 
9.536329743 1536 647 
9.543145085999999 1536 647 
9.54985886 1536 647 
9.556675336000001 1536 647 
9.563514844 1536 647 
9.570298848 1536 647 
9.577079076 1536 647 
9.583809841 1536 647 
9.590694281000001 1536 647 
9.597403146000001 1536 647 
9.604196967 1536 647 
9.610981349 1536 647 
9.617733636 1536 647 
9.624500270999999 1536 647 
9.631193277000001 1536 647 
9.63801806 1536 647 
9.644759775 1536 647 
9.651513195 1536 647 
9.658262083 1536 647 
9.664995490999999 1536 647 
9.671790822999998 1536 647 
9.678546508 1536 647 
9.68542906 1536 647 
9.692144343999999 1536 647 
9.698900407 1536 647 
9.705615314 1536 647 
9.71227094 1536 647 
9.719076843 1536 647 
9.725829130000001 1536 647 
9.732591612 1536 647 
9.739423569 1536 647 
9.746282711 1536 647 
9.752986667999998 1536 647 
9.759760855 1536 647 
9.766481802000001 1536 647 
9.773219364 1536 647 
9.779927096000002 1536 647 
9.786733000000002 1536 647 
9.793578172 1536 647 
9.800259096000001 1536 647 
9.807148445 1536 647 
9.81375121 1536 647 
9.820480464 1536 647 
9.827259181999999 1536 647 
9.834021285999999 1536 647 
9.840855508 1536 647 
9.847597223000001 1536 647 
9.854457121 1536 647 
9.861360818000001 1536 647 
9.868074214 1536 647 
9.874895976000001 1536 647 
9.881679601999998 1536 647 
9.888457187 1536 647 
9.895232507 1536 647 
9.902009335999999 1536 647 
9.908729151 1536 647 
9.915490123000001 1536 647 
9.922274127000001 1536 647 
9.92895052 1536 647 
9.935801733000002 1536 647 
9.942547979 1536 647 
9.949239098 1536 647 
9.9559827 1536 647 
9.962712710000002 1536 647 
9.969459333 1536 647 
9.976272789 1536 647 
9.983024698000001 1536 647 
9.989773586999998 1536 647 
9.996544752999998 1536 647 
10.00327514 1536 647 
10.010078022999998 1536 647 
10.016788398 1536 647 
10.023755152 1536 647 
10.028745267000001 1536 647 
10.034040467 1536 647 
10.040776896 1536 647 
10.047487271000001 1536 647 
10.054283734999999 1536 647 
10.061090394 1536 647 
10.067853253 1536 647 
10.074947251000001 1536 647 
10.08187096 1536 647 
10.088794292 1536 647 
10.095513352000001 1536 647 
10.102102146 1536 647 
10.108920887 1536 647 
10.115624466 1536 647 
10.122459821 1536 647 
10.129095436 1536 647 
10.135918329999999 1536 647 
10.142615868 1536 647 
10.149322468000001 1536 647 
10.156120064 1536 647 
10.162814958999999 1536 647 
10.169709217000001 1536 647 
10.176461126 1536 647 
10.183294970999999 1536 647 
10.189987222 1536 647 
10.196760276 1536 647 
10.203653779 1536 647 
10.210407954 1536 647 
10.217156842000001 1536 647 
10.223920078999999 1536 647 
10.230802632 1536 647 
10.237456748 1536 647 
10.244203371000001 1536 647 
10.250951127 1536 647 
10.257721537999998 1536 647 
10.264505541999998 1536 647 
10.271269911000001 1536 647 
10.27819362 1536 647 
10.284857176 1536 647 
10.291741993999999 1536 647 
10.298429337000002 1536 647 
10.305200880000001 1536 647 
10.311939574 1536 647 
10.318725466 1536 647 
10.325552514000002 1536 647 
10.332269309 1536 647 
10.339167342 1536 647 
10.345818815000001 1536 647 
10.352569969000001 1536 647 
10.35942005 1536 647 
10.366272772999999 1536 647 
10.37302355 1536 647 
10.379735058000001 1536 647 
10.386591558 1536 647 
10.393287962999999 1536 647 
10.399998715999999 1536 647 
10.406817835000002 1536 647 
10.413547844 1536 647 
10.420347707000001 1536 647 
10.427093197000001 1536 647 
10.433897968 1536 647 
10.440603435 1536 647 
10.447308147000001 1536 647 
10.454141614000001 1536 647 
10.461012461 1536 647 
10.467705089999999 1536 647 
10.474451336000001 1536 647 
10.481390525999998 1536 647 
10.488098636 1536 647 
10.49486074 1536 647 
10.501590371999999 1536 647 
10.508362671 1536 647 
10.515085506999998 1536 647 
10.521864224000002 1536 647 
10.528759237 1536 647 
10.535382390999999 1536 647 
10.542312142 1536 647 
10.549006281 1536 647 
10.555770651 1536 647 
10.562657733999998 1536 647 
10.569492334 1536 647 
10.576289552999999 1536 647 
10.582890052 1536 647 
10.589755235999998 1536 647 
10.596363286999999 1536 647 
10.603208837 1536 647 
10.610035884999999 1536 647 
10.616763251999998 1536 647 
10.623536683000001 1536 647 
10.630241772000002 1536 647 
10.637054849999998 1536 647 
10.643776931000001 1536 647 
10.650601713 1536 647 
10.657357021 1536 647 
10.664068151999999 1536 647 
10.670905394000002 1536 647 
10.677717717 1536 647 
10.684583656000001 1536 647 
10.691298185 1536 647 
10.698130519 1536 647 
10.704897154000001 1536 647 
10.711631695000001 1536 647 
10.718376052 1536 647 
10.725133626000002 1536 647 
10.73193311 1536 647 
10.738636689 1536 647 
10.745493566 1536 647 
10.752211493 1536 647 
10.759015887 1536 647 
10.765719088 1536 647 
10.772463823999999 1536 647 
10.779307863 1536 647 
10.785977459000001 1536 647 
10.792862278000001 1536 647 
10.799644393000001 1536 647 
10.806223748 1536 647 
10.812984342 1536 647 
10.819740027000002 1536 647 
10.826551595000002 1536 647 
10.833185320999998 1536 647 
10.839987826000002 1536 647 
10.846642697 1536 647 
10.853467479999999 1536 647 
10.860186917 1536 647 
10.86694147 1536 647 
10.873739444000002 1536 647 
10.88045284 1536 647 
10.887285552000002 1536 647 
10.893992907000001 1536 647 
10.900688556999999 1536 647 
10.907491440000001 1536 647 
10.914172363999999 1536 647 
10.920967317999999 1536 647 
10.927746791 1536 647 
10.934585544 1536 647 
10.941367282000002 1536 647 
10.948175073000002 1536 647 
10.955040635 1536 647 
10.961748745000001 1536 647 
10.968518778 1536 647 
10.975313732 1536 647 
10.982077346 1536 647 
10.988839828 1536 647 
10.99564913 1536 647 
11.002316461 1536 647 
11.009118965999999 1536 647 
11.015858793 1536 647 
11.022702833 1536 647 
11.029502316999999 1536 647 
11.036188905 1536 647 
11.043079764000002 1536 647 
11.049684795000001 1536 647 
11.056480504 1536 647 
11.063224106 1536 647 
11.069988475999999 1536 647 
11.076796645000002 1536 647 
11.083463976 1536 647 
11.090320098 1536 647 
11.097018013 1536 647 
11.103861297000002 1536 647 
11.111497880000002 1536 647 
11.117697388 1536 647 
11.124372648000001 1536 647 
11.131071696 1536 647 
11.137867027999999 1536 647 
11.144598925 1536 647 
11.151482233 1536 647 
11.158500337 1536 647 
11.165252247000002 1536 647 
11.172041536999998 1536 647 
11.178943723 1536 647 
11.185657119000002 1536 647 
11.192377312000001 1536 647 
11.199125446 1536 647 
11.205846771000001 1536 647 
11.21263304 1536 647 
11.219368714000002 1536 647 
11.226135725999999 1536 647 
11.233034893 1536 647 
11.239619156 1536 647 
11.246421284 1536 647 
11.253145629999999 1536 647 
11.259955687000001 1536 647 
11.266669837999999 1536 647 
11.273434208000001 1536 647 
11.280177810000001 1536 647 
11.287042239000002 1536 647 
11.293999552999999 1536 647 
11.300617798000001 1536 647 
11.307416905 1536 647 
11.314163529000002 1536 647 
11.320841432000002 1536 647 
11.327631100000001 1536 647 
11.334373192000001 1536 647 
11.341204771000001 1536 647 
11.347858509000002 1536 647 
11.354644401000002 1536 647 
11.3613106 1536 647 
11.368053825 1536 647 
11.374838206 1536 647 
11.381535366000001 1536 647 
11.388368455999998 1536 647 
11.395148306 1536 647 
11.401961760999999 1536 647 
11.408647215999999 1536 647 
11.415413474000001 1536 647 
11.422257134999999 1536 647 
11.429111747 1536 647 
11.435767373000001 1536 647 
11.442595554 1536 647 
11.449376914999998 1536 647 
11.456086158000002 1536 647 
11.462852038000001 1536 647 
11.469578648999999 1536 647 
11.476344151 1536 647 
11.483109276 1536 647 
11.489875910999999 1536 647 
11.496664824 1536 647 
11.503383884000002 1536 647 
11.510139945999999 1536 647 
11.516834462999999 1536 647 
11.523601476 1536 647 
11.530280135000002 1536 647 
11.537040351000002 1536 647 
11.543915351999999 1536 647 
11.550491308000002 1536 647 
11.557259076000001 1536 647 
11.563977381 1536 647 
11.570749679999999 1536 647 
11.57757484 1536 647 
11.584302207 1536 647 
11.591211566999998 1536 647 
11.597897023000002 1536 647 
11.604761073999999 1536 647 
11.611481265999998 1536 647 
11.618236574 1536 647 
11.625018312000002 1536 647 
11.631703389999998 1536 647 
11.63861124 1536 647 
11.645292542 1536 647 
11.652884570000001 1536 647 
11.658768041999998 1536 647 
11.665730642 1536 647 
11.672443660999999 1536 647 
11.679271841999999 1536 647 
11.685968624000001 1536 647 
11.692699767 1536 647 
11.699496986 1536 647 
11.706207739 1536 647 
11.712963045999999 1536 647 
11.719724395 1536 647 
11.726455538 1536 647 
11.733227081999999 1536 647 
11.739978235999999 1536 647 
11.746885331000001 1536 647 
11.753588910000001 1536 647 
11.760462401000002 1536 647 
11.767157673 1536 647 
11.773927329 1536 647 
11.780602589 1536 647 
11.787376021 1536 647 
11.79420911 1536 647 
11.800942895999999 1536 647 
11.807808457 1536 647 
11.814474277999999 1536 647 
11.821251863 1536 647 
11.828012457 1536 647 
11.834676389999998 1536 647 
11.841571779999999 1536 647 
11.84825497 1536 647 
11.85515036 1536 647 
11.861919261 1536 647 
11.868597164 1536 647 
11.87538872 1536 647 
11.882104381000001 1536 647 
11.888891028 1536 647 
11.895654265000001 1536 647 
11.902483200999999 1536 647 
11.909224161000001 1536 647 
11.916025156 1536 647 
11.922824640000002 1536 647 
11.929604491 1536 647 
11.936356022999998 1536 647 
11.943120015000002 1536 647 
11.949911570000001 1536 647 
11.956686134000002 1536 647 
11.963451636999999 1536 647 
11.970178248 1536 647 
11.976890512 1536 647 
11.983729642 1536 647 
11.990602755000001 1536 647 
11.997237991999999 1536 647 
12.004009157999999 1536 647 
12.010867168 1536 647 
12.017486169000001 1536 647 
12.024278479 1536 647 
12.031006601000001 1536 647 
12.037727171 1536 647 
12.044513817999999 1536 647 
12.05125289 1536 647 
12.058053507 1536 647 
12.06477219 1536 647 
12.071566388 1536 647 
12.078359832 1536 647 
12.085052083 1536 647 
12.091881397000002 1536 647 
12.098746581 1536 647 
12.105401829000002 1536 647 
12.112168464 1536 647 
12.119046863000001 1536 647 
12.125811611 1536 647 
12.132568428999999 1536 647 
12.139450604 1536 647 
12.146308236 1536 647 
12.153101678999999 1536 647 
12.159923819 1536 647 
12.166812790000002 1536 647 
12.173530716999998 1536 647 
12.180385706 1536 647 
12.187182925999998 1536 647 
12.194049997 1536 647 
12.2007717 1536 647 
12.207517191 1536 647 
12.214264569000001 1536 647 
12.220959086 1536 647 
12.227703067 1536 647 
12.234417218 1536 647 
12.241588620000002 1536 647 
12.246578735 1536 647 
12.251812390000001 1536 647 
12.258382683 1536 647 
12.265124775 1536 647 
12.271859316 1536 647 
12.278670128000002 1536 647 
12.28535294 1536 647 
