0.0 0 0 
0.004990115000000017 0 0 
0.009980230000000034 0 0 
0.014970345000000052 0 0 
0.019960459999999625 0 0 
0.024950574999999642 0 0 
0.02994068999999966 0 0 
0.034930804999999676 0 0 
0.039920919000000055 0 0 
0.04491103399999963 0 0 
0.049901148999999645 0 0 
0.05489126399999966 0 0 
0.05988137899999968 0 0 
0.0648714939999997 0 0 
0.06986160899999971 0 0 
0.07485172399999973 0 0 
0.07984183899999975 0 0 
0.08483195399999977 0 0 
0.08982206899999978 0 0 
0.0948121839999998 0 0 
0.09980229799999973 0 0 
0.10479241299999975 0 0 
0.10978252799999977 0 0 
0.11477264299999979 0 0 
0.1197627579999998 0 0 
0.12475287299999982 0 0 
0.12974298799999984 0 0 
0.13476293199999967 0 0 
0.13975304699999969 0 0 
0.1447431619999997 0 0 
0.14973327699999972 0 0 
0.15472339199999974 0 0 
0.15971350599999967 0 0 
0.1647036209999997 0 0 
0.1696937359999997 0 0 
0.17468385099999972 0 0 
0.17967396599999974 0 0 
0.18466408099999976 0 0 
0.18965419599999978 0 0 
0.1946443109999998 0 0 
0.1996344259999998 0 0 
0.20462454099999983 0 0 
0.20961465599999984 0 0 
0.21460477099999986 0 0 
0.2195948849999998 0 0 
0.2245849999999998 0 0 
0.22957511499999983 0 0 
0.23456522999999985 0 0 
0.23955534499999986 0 0 
0.24454545999999988 0 0 
0.2495355749999999 0 0 
0.2545256899999999 0 0 
0.25951580499999993 0 0 
0.26450591999999995 0 0 
0.26949603499999997 0 0 
0.27448615 0 0 
0.279476265 0 0 
0.28446637899999994 0 0 
0.28945649399999995 0 0 
0.29444660899999997 0 0 
0.299436724 0 0 
0.304426839 0 0 
0.309416954 0 0 
0.31440706900000004 0 0 
0.31939718400000006 0 0 
0.32438729899999963 0 0 
0.32937741399999965 0 0 
0.33436752899999966 0 0 
0.3393576439999997 0 0 
0.3443477589999997 0 0 
0.34933787299999963 0 0 
0.35432798799999965 0 0 
0.35931810299999967 0 0 
0.3643082179999997 0 0 
0.3692983329999997 0 0 
0.3742884479999997 0 0 
0.37927856299999974 0 0 
0.38426867799999975 0 0 
0.38925879299999977 0 0 
0.3942489079999998 0 0 
0.3992390229999998 0 0 
0.4042291379999998 0 0 
0.40921925199999976 0 0 
0.4142093669999998 0 0 
0.4191994819999998 0 0 
0.4241895969999998 0 0 
0.4291797119999998 0 0 
0.43416982699999984 0 0 
0.43915994199999986 0 0 
0.4441500569999999 0 0 
0.4491401719999999 0 0 
0.4541302869999999 0 0 
0.4591204019999999 0 0 
0.46411051699999994 0 0 
0.46910063199999996 0 0 
0.4740907459999999 0 0 
0.4790808609999999 0 0 
0.48407097599999993 0 0 
0.48906109099999995 0 0 
0.49405120599999997 0 0 
0.499041321 0 0 
0.504031436 0 0 
0.509021551 0 0 
0.514011666 0 0 
0.519001781 0 0 
0.5239918959999996 0 0 
0.5289820109999996 0 0 
0.533972125 0 0 
0.53896224 0 0 
0.543952355 0 0 
0.5489424699999996 0 0 
0.5539325849999996 0 0 
0.5589226999999997 0 0 
0.5639128149999997 0 0 
0.5689029299999997 0 0 
0.5738930449999997 0 0 
0.5788831599999997 0 0 
0.5838732749999997 0 0 
0.5888633899999998 0 0 
0.5938535049999998 0 0 
0.5988436189999997 0 0 
0.6038337339999997 0 0 
0.6088238489999998 0 0 
0.6138139639999998 0 0 
0.6188040789999998 0 0 
0.6237941939999998 0 0 
0.6287843089999998 0 0 
0.6337744239999998 0 0 
0.6387645389999999 0 0 
0.6437546539999999 0 0 
0.6487447689999999 0 0 
0.6537348839999999 0 0 
0.6587249989999999 0 0 
0.6637151129999999 0 0 
0.6687052279999999 0 0 
0.6736953429999999 0 0 
0.6786854579999999 0 0 
0.6836755729999999 0 0 
0.6886656879999999 0 0 
0.693655803 0 0 
0.698645918 0 0 
0.703636033 0 0 
0.708626148 0 0 
0.713616263 0 0 
0.718606378 0 0 
0.723596492 0 0 
0.728586607 0 0 
0.733576722 0 0 
0.738566837 0 0 
0.743556952 0 0 
0.7485470669999996 0 0 
0.7535371819999996 0 0 
0.7585272969999997 0 0 
0.7635174119999997 0 0 
0.7685075269999997 0 0 
0.7734976419999997 0 0 
0.7784877569999997 0 0 
0.7834778719999997 0 0 
0.7884679859999997 0 0 
0.7934581009999997 0 0 
0.7984482159999997 0 0 
0.8034383309999997 0 0 
0.8084284459999997 0 0 
0.8134185609999998 0 0 
0.8184086759999998 0 0 
0.8233987909999998 0 0 
0.8283889059999998 0 0 
0.8333790209999998 0 0 
0.8383691359999998 0 0 
0.8433592509999999 0 0 
0.8483493649999998 0 0 
0.8533394799999998 0 0 
0.8583295949999998 0 0 
0.8633197099999999 0 0 
0.8683098249999999 0 0 
0.8732999399999999 0 0 
0.8782900549999999 0 0 
0.8832801699999999 0 0 
0.8882702849999999 0 0 
0.8932604 0 0 
0.898250515 0 0 
0.90324063 0 0 
0.908230745 0 0 
0.9132208589999999 0 0 
0.918210974 0 0 
0.923201089 0 0 
0.928191204 0 0 
0.933181319 0 0 
0.938171434 0 0 
0.943161549 0 0 
0.9481516640000001 0 0 
0.9531417789999996 0 0 
0.9581318939999997 0 0 
0.9631220089999997 0 0 
0.9681121239999997 0 0 
0.9731022389999997 0 0 
0.9780923529999996 0 0 
0.9830824679999997 0 0 
0.9880725829999997 0 0 
0.9930626979999997 0 0 
0.9980528129999997 0 0 
1.0030429279999997 0 0 
1.0080330429999997 0 0 
1.0130231579999998 0 0 
1.0180132729999998 0 0 
1.0230033879999998 0 0 
1.0279935029999998 0 0 
1.0329836179999998 0 0 
1.0379737319999998 0 0 
1.0429638469999998 0 0 
1.0479539619999998 0 0 
1.0529440769999998 0 0 
1.0579341919999998 0 0 
1.0629243069999998 0 0 
1.0679144219999999 0 0 
1.0729045369999999 0 0 
1.077894652 1133 355 
1.082884767 1133 355 
1.087874882 1133 355 
1.092864997 1133 355 
1.097855112 1133 355 
1.102845226 1133 355 
1.107835341 1131 355 
1.112825456 1130 355 
1.117815571 1130 355 
1.122805686 1129 355 
1.127795801 1129 355 
1.132785916 1129 355 
1.137776031 1129 355 
1.142766146 1124 354 
1.147756261 1123 354 
1.1527463759999996 1121 354 
1.1577364909999996 1121 354 
1.1627266059999997 1121 354 
1.16771672 1121 354 
1.172706835 1121 354 
1.1776969499999996 1117 351 
1.1826870649999996 1116 350 
1.1876771799999997 1115 349 
1.1926672949999997 1115 349 
1.1976574099999997 1115 349 
1.2026475249999997 1115 349 
1.2076376399999997 1113 345 
1.2126277549999998 1113 344 
1.2176178699999998 1113 343 
1.2226079849999998 1113 343 
1.2275980989999997 1113 343 
1.23261238 1113 343 
1.237602495 1113 343 
1.242592609 1112 339 
1.247582724 1112 339 
1.252572839 1112 339 
1.269678029 1111 336 
1.2752484859999997 1110 336 
1.2823885489999998 1110 336 
1.2890218979999997 1110 336 
1.2958636719999999 1110 336 
1.303018083 1111 335 
1.3096604939999996 1112 335 
1.31631461 1112 335 
1.3230178109999997 1112 335 
1.329835042 1112 335 
1.336997383 1114 334 
1.3435861769999997 1114 334 
1.3503833959999998 1114 334 
1.357005418 1114 334 
1.363833976 1114 334 
1.3708162099999996 1116 333 
1.3774997769999997 1117 333 
1.3842218579999996 1117 333 
1.3907755369999997 1117 333 
1.3976233519999997 1117 333 
1.405495545 1117 333 
1.4113948759999997 1117 333 
1.4181331929999996 1117 333 
1.424786176 1117 333 
1.431560362 1117 333 
1.4386705969999998 1117 333 
1.4453292429999998 1117 333 
1.452142699 1117 333 
1.458841369 1117 333 
1.465751863 1117 333 
1.472640079 1117 333 
1.4794992209999998 1117 333 
1.4863304229999996 1117 333 
1.492966037 1117 333 
1.4997387139999998 1117 333 
1.5067605939999997 1121 347 
1.5134811639999994 1121 349 
1.5203750440000001 1121 351 
1.5269502449999997 1122 353 
1.5337074410000002 1122 353 
1.540663999 1123 361 
1.5475099269999997 1123 364 
1.55426901 1124 366 
1.5609435149999995 1125 369 
1.5676731479999995 1125 369 
1.5748139660000002 1127 378 
1.5813804829999998 1127 381 
1.588212817 1128 384 
1.5948163369999997 1129 387 
1.6015769309999999 1129 387 
1.6085153650000001 1131 397 
1.6153265549999998 1131 401 
1.6222551729999997 1132 404 
1.6289459139999996 1132 407 
1.6356785669999998 1132 407 
1.6424149949999998 1133 414 
1.649398362 1134 420 
1.6561986019999995 1134 423 
1.6630645410000002 1135 426 
1.6699614409999994 1135 429 
1.6765090790000001 1135 432 
1.6837661929999999 1136 438 
1.690265123 1136 441 
1.6970344010000002 1136 444 
1.703807077 1136 447 
1.7104536409999995 1137 450 
1.7174347429999997 1137 456 
1.7242074189999994 1137 459 
1.730990668 1137 462 
1.737755415 1137 465 
1.74439405 1137 468 
1.7513827029999995 1137 473 
1.7581617980000002 1137 476 
1.7649748759999997 1138 478 
1.7718253339999994 1138 481 
1.778474164 1138 483 
1.7854839610000002 1138 488 
1.7922192569999997 1139 491 
1.7989666349999998 1139 494 
1.805835595 1139 497 
1.8124493099999994 1139 500 
1.8194458919999996 1140 506 
1.8263258009999999 1140 510 
1.8331471860000002 1141 513 
1.8398099860000001 1141 517 
1.8464822259999996 1142 520 
1.8535513040000002 1142 527 
1.860205042 1143 530 
1.8670898599999997 1143 533 
1.8736831849999995 1144 536 
1.8804192360000003 1144 539 
1.8875222959999998 1145 545 
1.8942103939999995 1145 547 
1.9010378199999995 1145 550 
1.907597918 1146 552 
1.9143573789999997 1146 554 
1.9212769349999994 1146 558 
1.9280900119999997 1146 560 
1.9349563289999998 1145 562 
1.9415749519999994 1145 564 
1.948483935 1145 565 
1.9553710189999998 1144 567 
1.9620832819999996 1144 568 
1.9688691739999995 1144 569 
1.9755315970000003 1144 570 
1.9823790339999996 1143 571 
1.9892781999999998 1143 572 
1.9959776259999997 1143 572 
2.0027503029999996 1143 572 
2.0095018339999995 1142 573 
2.0163058499999997 1142 573 
2.0231653699999996 1141 574 
2.0300014799999997 1141 574 
2.036723561 1141 574 
2.0434739599999996 1141 574 
2.050268158 1141 574 
2.0571344750000002 1141 574 
2.0640404379999997 1141 574 
2.070801031 1141 574 
2.077617507 1141 575 
2.08427049 1141 575 
2.091096783 1141 575 
2.097989908 1141 575 
2.1047546550000003 1141 575 
2.111503166 1141 575 
2.118302651 1141 575 
2.124967717 1141 575 
2.13188765 1141 575 
2.138645601 1141 575 
2.1455175809999996 1142 575 
2.1522019029999995 1142 575 
2.1588480899999998 1142 575 
2.165872991 1143 575 
2.172548629 1143 575 
2.179263158 1143 575 
2.186078123 1143 575 
2.1929455719999997 1145 575 
2.2000705320000002 1146 574 
2.206784306 1147 574 
2.213499212 1147 574 
2.220536573 1149 574 
2.2270876099999994 1150 574 
2.2340298199999995 1151 574 
2.2407896590000003 1152 574 
2.247580081 1152 574 
2.2544101499999996 1155 574 
2.261202083 1156 575 
2.2678697919999995 1157 575 
2.27474366 1160 576 
2.281432891 1160 576 
2.2883037390000003 1162 577 
2.2949404860000002 1163 578 
2.302033729 1166 579 
2.309237225 1167 580 
2.3157410639999996 1167 580 
2.322833174 1170 582 
2.329242617 1171 583 
2.33628904 1172 585 
2.343092301 1173 585 
2.3496909120000002 1173 585 
2.356876285 1174 586 
2.36360856 1174 586 
2.370810546 1174 586 
2.377440497 1174 587 
2.384049681 1174 587 
2.3908650239999996 1174 586 
2.3977313399999995 1174 586 
2.4046188010000002 1173 586 
2.4113121859999995 1172 585 
2.4180078359999997 1172 585 
2.424718589 1171 585 
2.4315003269999997 1170 585 
2.438527493 1167 584 
2.4452424 1166 583 
2.4519754299999996 1166 583 
2.458717145 1163 583 
2.4655698679999998 1161 582 
2.4725690940000002 1158 581 
2.47928551 1156 581 
2.486012877 1156 581 
2.492687005 1153 581 
2.499579374 1151 581 
2.5066046529999997 1148 581 
2.513467571 1146 581 
2.520211929 1146 581 
2.526998576 1142 582 
2.533694226 1141 583 
2.54042197 1139 583 
2.547464994 1135 585 
2.5544540249999996 1134 586 
2.561043952 1132 587 
2.5676716369999997 1130 588 
2.574592703 1128 589 
2.581441651 1124 592 
2.5882611469999994 1122 593 
2.594996443 1120 595 
2.6016044939999996 1119 596 
2.60839756 1117 597 
2.6154167969999995 1114 601 
2.62224309 1113 603 
2.6289311879999997 1112 604 
2.635633257 1110 606 
2.6423239979999997 1109 608 
2.64929717 1107 613 
2.6561257289999998 1107 615 
2.662845921 1106 617 
2.6695049459999995 1105 620 
2.6762217399999995 1105 622 
2.683277225 1105 626 
2.690063872 1105 629 
2.696808607 1105 631 
2.703614133 1105 633 
2.710303364 1105 635 
2.7173331729999997 1106 640 
2.7240601620000002 1107 642 
2.730986137 1108 643 
2.7377085949999995 1109 645 
2.744260009 1110 647 
2.751225629 1112 651 
2.758101008 1113 652 
2.764871796 1115 654 
2.771406596 1116 655 
2.778311804 1117 657 
2.7851966219999995 1121 659 
2.792087859 1123 661 
2.7988125819999996 1124 662 
2.80543989 1126 663 
2.812218985 1128 665 
2.819226517 1132 667 
2.825990509 1134 668 
2.832770737 1136 668 
2.839474694 1138 669 
2.8461729869999997 1140 670 
2.853163905 1145 670 
2.860044947 1146 671 
2.8667949689999994 1148 671 
2.873476648 1150 671 
2.8802682039999996 1152 671 
2.8873916529999994 1156 671 
2.8940506779999997 1157 671 
2.9008969819999995 1159 671 
2.9075711099999997 1161 670 
2.914286772 1162 670 
2.921386056 1165 670 
2.9279182129999994 1165 670 
2.934817757 1165 670 
2.9414881090000002 1168 670 
2.9483986019999997 1168 670 
2.955124458 1169 670 
2.961815955 1169 670 
2.968625634 1169 670 
2.9753786759999996 1170 670 
2.9821857130000002 1170 670 
2.989237044 1170 670 
2.9958673719999998 1170 670 
3.002520355 1170 670 
3.0093398519999996 1170 670 
3.0160917609999998 1170 670 
3.02287652 1169 670 
3.0297409490000002 1169 670 
3.036541566 1169 670 
3.0435604259999995 1167 671 
3.050250034 1166 671 
3.057099737 1165 672 
3.0639320719999996 1164 673 
3.0709218569999996 1162 674 
3.077630722 1161 675 
3.0842229150000002 1160 676 
3.091026176 1158 676 
3.0979064629999997 1157 677 
3.1049736519999995 1154 677 
3.1114699389999996 1153 677 
3.1182456359999997 1151 677 
3.1249193859999997 1150 677 
3.131732464 1148 677 
3.138767182 1145 676 
3.145418655 1144 676 
3.152329148 1142 675 
3.1589322909999997 1141 675 
3.1658106900000003 1141 675 
3.1727468589999996 1137 672 
3.179542568 1136 672 
3.186190265 1135 671 
3.192862127 1134 670 
3.1997945199999998 1134 670 
3.206644223 1131 669 
3.2133897139999994 1131 668 
3.2201525729999996 1130 668 
3.226866724 1130 668 
3.2336144799999995 1129 667 
3.240713387 1128 667 
3.24751476 1128 668 
3.2543319909999995 1128 668 
3.260989882 1127 669 
3.267728576 1127 670 
3.2747100549999995 1126 672 
3.281506519 1125 674 
3.288292034 1124 676 
3.295136828 1124 677 
3.302091876 1123 679 
3.3088917380000002 1122 683 
3.3156738539999995 1121 686 
3.322389894 1121 688 
3.329096116 1120 690 
3.3359499719999994 1119 693 
3.342893315 1118 699 
3.349623325 1117 702 
3.3562827269999995 1117 705 
3.3631018459999997 1116 708 
3.370042168 1116 712 
3.376822396 1114 718 
3.383595073 1113 722 
3.390906935 1112 725 
3.397377169 1112 728 
3.4044477570000002 1110 735 
3.4110505219999996 1109 739 
3.4178417 1108 743 
3.424653645 1106 746 
3.4312839729999998 1105 750 
3.4388140779999996 1103 757 
3.4453575619999994 1102 760 
3.4521593119999996 1100 764 
3.4588375929999997 1099 768 
3.4655373959999998 1098 772 
3.472226627 1097 776 
3.47927003 1095 784 
3.485963414 1094 788 
3.4927576119999997 1093 792 
3.49937095 1092 796 
3.50613834 1091 800 
3.5132006209999997 1089 808 
3.5198894739999997 1089 813 
3.5267505049999994 1088 817 
3.5333340129999997 1087 821 
3.5400704419999998 1086 825 
3.547094965 1085 833 
3.5538906740000002 1084 837 
3.560672034 1084 841 
3.5673337019999996 1083 845 
3.5742562779999996 1082 849 
3.5810531199999995 1081 856 
3.5879081090000002 1081 860 
3.5946619060000002 1080 864 
3.6012926119999995 1080 868 
3.608045654 1080 872 
3.6150399709999994 1079 880 
3.6218715500000003 1079 884 
3.628594763 1079 888 
3.635350448 1079 892 
3.6420294849999997 1079 896 
3.6490211579999996 1079 904 
3.6557013269999996 1079 908 
3.662542723 1079 912 
3.669305205 1079 916 
3.675965362 1080 920 
3.682907195 1080 920 
3.689758786 1080 932 
3.696451793 1081 936 
3.703224469 1081 940 
3.709848756 1081 944 
3.716647863 1081 944 
3.7236686109999995 1083 955 
3.7305262429999995 1083 959 
3.7372456799999996 1084 963 
3.743872233 1084 966 
3.750741192 1084 966 
3.757767981 1086 977 
3.7644809989999994 1086 980 
3.771351092 1087 984 
3.7780497619999998 1088 987 
3.7847963859999996 1088 987 
3.791803918 1090 999 
3.7985660219999997 1091 1003 
3.805374568 1092 1007 
3.811996212 1093 1011 
3.8188198620000002 1093 1011 
3.825722049 1097 1023 
3.832447905 1098 1027 
3.839227756 1099 1031 
3.845835807 1100 1034 
3.8525862060000002 1100 1034 
3.8597058789999994 1105 1045 
3.866316196 1106 1048 
3.873110772 1107 1051 
3.8797939609999994 1109 1053 
3.88665688 1109 1053 
3.8935114909999995 1113 1061 
3.900277371 1114 1063 
3.907058732 1116 1066 
3.913693214 1117 1068 
3.9204353059999995 1117 1068 
3.927369587 1122 1074 
3.934251385 1123 1076 
3.941089005 1125 1078 
3.9478005130000002 1127 1080 
3.9545418499999996 1127 1080 
3.9615225739999995 1132 1086 
3.9682941179999998 1134 1088 
3.9750924699999994 1136 1090 
3.981776037 1138 1092 
3.988752985 1140 1094 
3.995536234 1145 1097 
4.002303624 1147 1099 
4.009032122999999 1149 1101 
4.015738344999999 1151 1103 
4.022561995 1154 1104 
4.029427179000001 1159 1108 
4.036233082999999 1161 1109 
4.043055977 1164 1111 
4.049842624 1167 1113 
4.056541295000001 1170 1115 
4.063166337 1173 1116 
4.070189727000001 1179 1120 
4.076973731000001 1182 1122 
4.083793226999999 1185 1123 
4.090694281999999 1188 1125 
4.097260043 1191 1126 
4.104332519 1198 1129 
4.111072346 1201 1131 
4.1178393589999995 1204 1132 
4.124689062 1207 1133 
4.131265773999999 1210 1135 
4.138340137 1216 1137 
4.145004825999999 1219 1138 
4.151899083 1222 1139 
4.158506379 1225 1140 
4.1652409200000005 1228 1141 
4.172268085999999 1234 1142 
4.179021882999999 1237 1143 
4.1858394919999995 1240 1144 
4.192453206 1243 1145 
4.199361435 1246 1145 
4.206094087 1252 1146 
4.2128633650000005 1255 1147 
4.219770083 1259 1148 
4.226385686 1262 1148 
4.233152321 1265 1149 
4.2400401599999995 1271 1150 
4.246875137 1274 1151 
4.253653855 1278 1152 
4.260344218 1281 1152 
4.2670983929999995 1284 1153 
4.274108191 1290 1154 
4.280934861 1293 1154 
4.287781544 1296 1154 
4.294625959999999 1300 1155 
4.301197007999999 1303 1155 
4.308247961999999 1309 1155 
4.315005158 1313 1155 
4.321971532999999 1316 1155 
4.328408162000001 1319 1155 
4.335254467 1322 1155 
4.3422030970000005 1328 1155 
4.348990121 1331 1155 
4.356012001 1334 1155 
4.362500735999999 1337 1154 
4.36931759 1340 1154 
4.376214868 1346 1153 
4.383089868999999 1349 1152 
4.389784764 1352 1152 
4.396504955999999 1355 1151 
4.403372783 1358 1150 
4.410245895999999 1363 1148 
4.417146573 1366 1148 
4.423797668000001 1369 1147 
4.430452916 1369 1147 
4.437202183 1369 1147 
4.444164405 1379 1143 
4.451042426999999 1382 1142 
4.457738076 1384 1141 
4.4645908 1384 1141 
4.471225659 1384 1141 
4.478234324000001 1394 1137 
4.485011909000001 1397 1136 
4.4918215880000005 1399 1135 
4.498463621999999 1399 1135 
4.505475306999999 1404 1134 
4.512088265999999 1407 1133 
4.520156424 1412 1131 
4.526406906 1414 1130 
4.532724974000001 1414 1130 
4.539593933999999 1419 1128 
4.546164603999999 1421 1127 
4.553211404999999 1426 1125 
4.560113213999999 1428 1124 
4.5669191179999995 1428 1124 
4.573942508 1432 1122 
4.58063778 1434 1120 
4.587492014 1438 1118 
4.5942197579999995 1440 1117 
4.600842535 1440 1117 
4.607692616 1444 1114 
4.6143229439999995 1446 1113 
4.621469425999999 1450 1110 
4.6281394 1452 1109 
4.634951723 1452 1109 
4.641838428 1455 1106 
4.648417782999999 1457 1104 
4.6554188960000005 1461 1102 
4.662148151 1463 1100 
4.668922338 1463 1100 
4.675609303 1466 1097 
4.682529236000001 1467 1096 
4.689405369999999 1470 1093 
4.696162188000001 1472 1091 
4.7028895550000005 1472 1091 
4.709614278 1475 1088 
4.71637827 1476 1086 
4.723298581 1479 1083 
4.730351044999999 1481 1082 
4.736735568 1481 1082 
4.743546002 1483 1078 
4.750252602 1485 1077 
4.757216712 1487 1073 
4.764089824999999 1488 1072 
4.770702407 1488 1072 
4.777555507999999 1491 1068 
4.7842847630000005 1492 1066 
4.791230749 1494 1063 
4.798002293 1495 1061 
4.804670002 1495 1061 
4.811452117 1497 1057 
4.818268592999999 1498 1055 
4.825290851 1501 1051 
4.832077498 1502 1048 
4.838934752 1503 1046 
4.845465399 1504 1044 
4.852283385 1506 1042 
4.859252782 1508 1037 
4.866108903999999 1509 1035 
4.8729419929999995 1510 1032 
4.879482833999999 1511 1030 
4.886395594 1512 1028 
4.893238122 1514 1023 
4.900088202999999 1515 1021 
4.906805753 1516 1019 
4.913445897999999 1517 1016 
4.920209890000001 1518 1014 
4.927115474999999 1520 1010 
4.934018795 1521 1007 
4.940738231999999 1522 1005 
4.947439546 1523 1003 
4.9541688 1524 1001 
4.960917689 1525 999 
4.967977704999999 1527 994 
4.974695254 1528 992 
4.981688816 1529 990 
4.988242117 1529 988 
4.995061236 1530 986 
5.002069522999999 1532 982 
5.008841821999999 1533 980 
5.015592976000001 1534 978 
5.022367163 1535 976 
5.0290741400000005 1536 974 
5.036109991 1538 970 
5.042937416999999 1539 968 
5.04966063 1540 966 
5.056327584 1541 964 
5.063094595999999 1542 963 
5.0700979749999995 1543 959 
5.076938238 1544 957 
5.083682974 1545 955 
5.0904265760000005 1545 953 
5.097150545 1546 951 
5.104222265999999 1547 948 
5.110882045 1548 946 
5.117656608999999 1548 944 
5.1243507489999995 1549 942 
5.131057726 1549 940 
5.138101506 1551 937 
5.144889663000001 1551 935 
5.151742764 1552 933 
5.158297199 1553 931 
5.165279433 1553 929 
5.1720339850000006 1555 926 
5.178868962999999 1555 924 
5.185680152 1556 922 
5.1923984569999995 1556 920 
5.199262886 1557 918 
5.206108813 1558 915 
5.2127202619999995 1558 915 
5.219567700000001 1558 915 
5.226327161 1560 910 
5.233109654 1561 909 
5.240067722999999 1562 906 
5.2467898040000005 1562 906 
5.253562102 1562 906 
5.2603253389999995 1565 901 
5.267065166 1565 900 
5.274057595 1567 897 
5.280749469 1567 897 
5.287559148 1567 897 
5.294297087 1569 893 
5.301068631 1569 891 
5.308197366 1570 889 
5.314721594 1570 889 
5.32155053 1570 889 
5.328288469 1572 885 
5.335058502999999 1572 884 
5.342055085 1573 882 
5.348750733999999 1573 882 
5.355579669999999 1573 882 
5.362396523999999 1575 879 
5.369228102999999 1576 878 
5.376215623 1577 876 
5.3828939039999995 1577 876 
5.389919183 1578 874 
5.396402254 1578 874 
5.403321432 1579 873 
5.410083536 1580 872 
5.4168724489999995 1580 872 
5.423734989 1581 871 
5.430543536 1582 870 
5.437193876 1582 870 
5.443893301999999 1583 870 
5.450803418 1583 869 
5.457705227 1584 869 
5.464563237 1584 868 
5.471141459 1584 868 
5.477906206 1585 868 
5.484753266 1585 868 
5.491698873999999 1585 867 
5.498440588999999 1585 867 
5.50505959 1586 867 
5.512022566999999 1586 867 
5.518794111 1586 867 
5.525802398 1586 867 
5.532581115999999 1586 867 
5.539299798 1586 867 
5.546023766999999 1586 866 
5.553022614 1585 865 
5.559839468 1584 864 
5.566494339 1584 864 
5.573445610999999 1583 862 
5.579872422999999 1582 861 
5.586785559999999 1582 861 
5.594024549 1579 858 
5.599014664 1578 857 
5.604374807999999 1577 856 
5.610886575999999 1577 855 
5.61752068 1577 855 
5.624405498 1575 854 
5.630998823999999 1575 853 
5.638449635999999 1574 853 
5.645255162 1573 852 
5.651903236999999 1573 852 
5.658766532 1572 851 
5.665335315 1572 851 
5.672250716999999 1571 850 
5.679018485 1571 850 
5.685789272999999 1571 850 
5.692709207 1570 850 
5.699392018999999 1570 849 
5.706191502999999 1570 849 
5.7130642389999995 1570 849 
5.719759888999999 1570 849 
5.726438546999999 1570 849 
5.733260687 1570 849 
5.740221021 1570 849 
5.747144729999999 1569 849 
5.753784498 1569 849 
5.760538672999999 1569 849 
5.767220351999999 1568 849 
5.774105924999999 1567 849 
5.780876335999999 1567 849 
5.787655430999999 1566 849 
5.7943707149999994 1565 849 
5.801079957999999 1565 849 
5.8080618149999985 1563 850 
5.814881689 1562 850 
5.8216521 1561 850 
5.828351524999999 1560 851 
5.8349731689999995 1559 851 
5.841871203 1558 851 
5.848771123999999 1555 852 
5.855616295999999 1554 852 
5.862221326 1552 853 
5.869003064999999 1551 853 
5.875895056999999 1549 853 
5.882847084 1546 854 
5.889686214999999 1544 854 
5.896426797 1542 854 
5.903133019 1541 854 
5.90984415 1539 855 
5.916872071 1535 855 
5.923778789 1534 856 
5.930464999 1532 856 
5.937136484 1530 856 
5.943868758999999 1528 857 
5.950956337999999 1525 857 
5.9576414159999995 1523 858 
5.964486588 1521 858 
5.971072360999999 1519 858 
5.977856364999999 1517 859 
5.984872204 1513 859 
5.9916501659999994 1511 859 
5.9982306539999986 1511 859 
6.005040333 1511 859 
6.011969705999999 1505 859 
6.018539243999999 1503 860 
6.025644947 1499 860 
6.032198248 1499 860 
6.038985649999999 1499 860 
6.045818361999999 1493 860 
6.05252836 1491 860 
6.059596682999999 1487 860 
6.066193406 1487 860 
6.073255688 1483 859 
6.079752729999999 1482 858 
6.08655448 1480 858 
6.093551438999999 1477 856 
6.100187431 1477 856 
6.107249713 1473 855 
6.113783003 1472 854 
6.120607784999999 1471 853 
6.127515257999999 1468 851 
6.134183344 1468 851 
6.141037956 1465 849 
6.1477623019999985 1464 848 
6.154510058 1463 847 
6.161437543 1461 845 
6.168159622999999 1461 845 
6.175020276 1459 843 
6.181819761 1458 841 
6.188512011999999 1457 840 
6.19542968 1455 838 
6.20214723 1455 838 
6.209033558 1453 835 
6.215694093 1452 834 
6.222455441999999 1451 833 
6.229584177 1450 831 
6.236120487999999 1450 831 
6.243111784 1448 830 
6.249769297999999 1448 829 
6.256521585 1448 829 
6.263474367999999 1447 828 
6.270142454 1447 828 
6.27709939 1446 827 
6.283706685999999 1446 826 
6.290432919999999 1446 826 
6.2973826819999985 1445 825 
6.304016031 1445 825 
6.310954087999999 1444 825 
6.317580263 1444 825 
6.3244779179999995 1444 825 
6.331360848999999 1443 825 
6.33812333 1443 825 
6.344951511 1442 825 
6.351592033999999 1441 825 
6.358329973 1441 825 
6.365333351999999 1439 826 
6.372033909999999 1439 826 
6.378870019999999 1437 827 
6.385620797 1436 828 
6.392288882999999 1435 828 
6.399533158999999 1432 830 
6.405870106 1432 830 
6.412763607999999 1429 831 
6.419442645 1427 832 
6.426247793 1426 832 
6.433254948 1423 834 
6.440105405999999 1421 835 
6.446843345 1419 836 
6.453584304 1417 836 
6.460242572999999 1415 837 
6.466989573999999 1413 838 
6.474110758 1409 839 
6.480807163 1407 840 
6.487593055 1405 840 
6.494346096999999 1403 841 
6.500999835 1400 841 
6.507947331999999 1396 842 
6.514746061999999 1393 842 
6.521569333999999 1391 843 
6.528183047999999 1389 843 
6.534895688999999 1386 843 
6.541995729 1382 844 
6.548743862 1380 844 
6.555536927999999 1378 845 
6.562112129999999 1376 845 
6.568824770999999 1374 846 
6.575737906999999 1372 846 
6.58270164 1367 847 
6.589505655 1365 847 
6.596196397 1363 847 
6.603007585999999 1361 847 
6.609731176999999 1359 847 
6.616692643999999 1355 847 
6.623635609999999 1353 847 
6.630205903 1352 847 
6.637008408 1350 847 
6.644025001999999 1346 847 
6.6509177489999995 1345 847 
6.657653045 1343 847 
6.664259207999999 1341 847 
6.6710639789999995 1340 847 
6.677886119 1338 846 
6.68484381 1335 846 
6.69155494 1333 846 
6.698957421999999 1332 845 
6.704973425999999 1330 845 
6.7117483679999985 1329 845 
6.718776288999999 1326 844 
6.7257494609999995 1325 843 
6.7307395759999995 1323 842 
6.7362273429999995 1322 842 
6.742883346999999 1321 841 
6.749421544999999 1321 841 
6.756187425 1321 841 
6.763224408999999 1315 838 
6.770089969999999 1314 837 
6.7771737739999995 1312 836 
6.7838082549999985 1312 836 
6.791138619 1308 833 
6.79790903 1307 831 
6.804382284999999 1305 830 
6.811121355999999 1304 829 
6.817726386999999 1304 829 
6.824741093 1301 826 
6.831461285 1298 823 
6.838285313 1296 822 
6.844966613999999 1295 820 
6.8515663579999995 1295 820 
6.858493843 1292 817 
6.8652336699999985 1290 814 
6.872319739 1289 812 
6.8790289819999995 1287 810 
6.885630990999999 1287 810 
6.892510145999999 1285 807 
6.899344744999999 1283 804 
6.906357185999999 1281 802 
6.912934652999999 1280 801 
6.919639741999999 1280 801 
6.926553256 1278 797 
6.933262876999999 1277 795 
6.940228497 1274 791 
6.947069893 1273 789 
6.953725519999999 1273 789 
6.960442691999999 1271 784 
6.967236135 1270 782 
6.9742043979999995 1268 778 
6.98095442 1267 776 
6.9876123119999995 1267 776 
6.994425011999999 1265 772 
7.001147092 1265 770 
7.008218812999999 1263 766 
7.014850652 1263 764 
7.021568955999999 1263 764 
7.028268382 1262 760 
7.0350463439999995 1261 757 
7.042122974 1260 753 
7.048778978 1260 751 
7.055558827999999 1260 751 
7.062282041 1260 747 
7.068964476 1259 745 
7.075757163999999 1259 743 
7.082720896 1259 739 
7.089528309999999 1259 739 
7.096186202 1260 736 
7.102956990999999 1260 734 
7.109800651999999 1260 732 
7.116791571 1261 729 
7.123436625 1261 729 
7.130274999999999 1262 725 
7.137070709 1262 723 
7.1440404829999995 1264 719 
7.150939649 1264 718 
7.157750839 1265 716 
7.164229756999999 1266 714 
7.171003188 1267 712 
7.177873281 1268 711 
7.1848679749999995 1270 707 
7.191619506999999 1271 705 
7.1983884069999995 1272 703 
7.205106711999999 1273 702 
7.211876745 1274 700 
7.2188657759999995 1277 696 
7.225584080999999 1278 694 
7.232275576999999 1280 693 
7.239033904999999 1281 691 
7.245894935999999 1283 689 
7.25278655 1286 686 
7.259741975999999 1288 684 
7.266274133 1289 683 
7.27310458 1291 681 
7.2800388609999995 1295 678 
7.286862133 1297 677 
7.293675587999999 1298 675 
7.300294210999999 1301 674 
7.307249259999999 1303 673 
7.314069511 1307 670 
7.321045326 1309 668 
7.3277519259999995 1311 667 
7.334457392999999 1313 665 
7.341375060999999 1315 664 
7.348193046999999 1319 662 
7.355020094999999 1321 661 
7.361755390999999 1323 660 
7.368537506999999 1325 659 
7.375180295 1328 659 
7.381888782999999 1330 658 
7.3889420019999985 1334 657 
7.395669369 1336 656 
7.402597231 1338 656 
7.409085210999999 1340 655 
7.415963232999999 1342 654 
7.422971142 1346 653 
7.429730980999999 1348 653 
7.436532731 1350 652 
7.443090564 1352 652 
7.449908171999999 1354 651 
7.456846984 1357 650 
7.463715189 1359 650 
7.470431606 1361 650 
7.477075527 1363 649 
7.483895022999999 1365 649 
7.490918036 1368 649 
7.4976748539999996 1370 649 
7.50458497 1371 649 
7.5113920069999995 1373 649 
7.5179789129999985 1374 649 
7.5250464799999985 1377 649 
7.531609598999999 1377 649 
7.538437402 1377 649 
7.545151554 1382 649 
7.551832099999999 1384 649 
7.558638003999999 1385 649 
7.565451459 1387 649 
7.57248731 1387 649 
7.579305672999999 1391 651 
7.585952237999999 1393 652 
7.592746814 1395 652 
7.599554982999999 1396 653 
7.606384673999999 1396 653 
7.613207569 1401 657 
7.620039524999999 1403 658 
7.62673442 1405 659 
7.633621881 1407 661 
7.640419099999999 1407 661 
7.647221983 1412 666 
7.654010518 1414 668 
7.660879854999999 1415 670 
7.667722761999999 1417 672 
7.6747318039999985 1420 675 
7.681305116999999 1421 677 
7.688078549 1423 679 
7.695053230999999 1425 683 
7.701861778 1425 683 
7.708681651999999 1427 687 
7.715383342999999 1428 689 
7.722097871999999 1430 691 
7.7288981119999995 1431 693 
7.7357425289999995 1431 695 
7.742599782999999 1433 699 
7.749235019999999 1434 700 
7.755969939 1435 702 
7.763054496999999 1437 706 
7.769598359 1437 706 
7.776765230999999 1438 710 
7.783287948 1439 712 
7.789953769 1439 714 
7.796710587 1440 716 
7.803594272 1440 717 
7.810735846 1441 721 
7.817348805 1441 723 
7.824146402 1442 725 
7.831150913 1442 729 
7.837797477999999 1442 729 
7.844765741 1443 734 
7.851622617999999 1444 736 
7.8581793179999995 1444 738 
7.864929716999999 1445 740 
7.871848894999999 1445 742 
7.879047106 1446 746 
7.885885104 1446 748 
7.892528646999999 1447 751 
7.8991019609999995 1447 753 
7.905988666999999 1448 755 
7.912829307999999 1449 760 
7.919859872 1449 762 
7.926538531 1449 764 
7.9333229119999995 1450 767 
7.940295329 1450 769 
7.947039687 1451 773 
7.953866735 1451 776 
7.960514809999999 1451 778 
7.967339214999999 1452 780 
7.974215725999999 1452 781 
7.981242891999999 1452 785 
7.987954777999999 1452 787 
7.994567736999999 1452 789 
8.001341546999999 1452 790 
8.00837702 1452 794 
8.015136103 1452 795 
8.021991091999999 1452 797 
8.028698825 1451 799 
8.035433742999999 1451 800 
8.042527363 1451 803 
8.049189031 1450 804 
8.055949625 1450 805 
8.062498773 1450 806 
8.069288063 1449 808 
8.076328444 1448 810 
8.083095456999999 1448 811 
8.089857560999999 1447 812 
8.096486001999999 1447 813 
8.103237155999999 1446 815 
8.110270363 1445 817 
8.117064939999999 1444 819 
8.123822512999999 1444 820 
8.130539684999999 1443 821 
8.137424124999999 1443 822 
8.144349344 1442 824 
8.151207732 1441 825 
8.157940385 1441 826 
8.164646228999999 1440 827 
8.171341879 1440 827 
8.178389811999999 1439 829 
8.185288222999999 1438 830 
8.191938562999999 1438 830 
8.198677257 1437 831 
8.205409155 1437 831 
8.212546575 1436 833 
8.219229386999999 1436 834 
8.225940517 1435 834 
8.232621442 1435 835 
8.239248371999999 1435 835 
8.246309898 1435 835 
8.253051235 1435 835 
8.259751415999999 1435 835 
8.266485955999999 1435 835 
8.273259764999999 1435 835 
8.280258612999999 1435 836 
8.286969743999999 1435 836 
8.293741287 1435 836 
8.300542281999999 1435 836 
8.307167324 1435 836 
8.313916591 1435 836 
8.320848606999999 1435 836 
8.327798369 1435 836 
8.334543481999999 1435 836 
8.341260654 1435 836 
8.347960834 1435 836 
8.354977050999999 1435 836 
8.361728583 1436 836 
8.368506167 1436 836 
8.375191623 1437 836 
8.381940133999999 1438 836 
8.388866862999999 1438 836 
8.395763385999999 1441 838 
8.402627814999999 1443 838 
8.409187913 1444 839 
8.415919433 1446 840 
8.422768381 1446 840 
8.429726828 1452 843 
8.436526312 1454 844 
8.443308428 1456 845 
8.449961034 1458 846 
8.456657816 1458 846 
8.463745773 1464 849 
8.470477293 1466 849 
8.477159728 1468 850 
8.483841407 1470 851 
8.490688467 1470 851 
8.497688069999999 1476 852 
8.504390893 1478 852 
8.511213788 1480 853 
8.517842605999999 1482 853 
8.52454392 1482 853 
8.531526530999999 1488 853 
8.538468364 1490 853 
8.545207813 1492 853 
8.551881941 1494 853 
8.559123196 1498 853 
8.565664792 1500 853 
8.572498259 1502 853 
8.579165968 1504 852 
8.58591599 1506 852 
8.592889539 1508 852 
8.59978795 1512 851 
8.606506632999999 1514 851 
8.613199639 1517 851 
8.619855643 1519 850 
8.626820885999999 1521 850 
8.633550140999999 1525 849 
8.640401730999999 1527 849 
8.647297498999999 1529 848 
8.653850423 1531 847 
8.660695596 1534 847 
8.667550962 1538 845 
8.674290411 1540 845 
8.681065730999999 1541 844 
8.687776483999999 1544 843 
8.694750411 1545 842 
8.701600869 1549 841 
8.708402242 1551 840 
8.715201348999999 1553 839 
8.721807512 1554 838 
8.72863305 1556 837 
8.735577903 1560 835 
8.74247858 1561 834 
8.749133073 1563 833 
8.75578077 1564 831 
8.762666344 1566 830 
8.769631964 1569 828 
8.776351778999999 1570 827 
8.783189776999999 1571 826 
8.789831054999999 1572 824 
8.796567483999999 1573 823 
8.803586343 1575 821 
8.810388093 1576 819 
8.817094314999999 1577 818 
8.823828855999999 1577 817 
8.830537344 1578 815 
8.837556957999999 1579 812 
8.844316797 1580 811 
8.851089095999999 1581 809 
8.857772662999999 1581 808 
8.864490212 1582 806 
8.871345956999999 1582 805 
8.878341784 1583 802 
8.885082743 1584 800 
8.892000032999999 1584 798 
8.898551447 1584 797 
8.90536528 1585 795 
8.912300316 1585 791 
8.919102065999999 1585 789 
8.925923828 1585 787 
8.932597578 1585 786 
8.939297004 1586 784 
8.946247143999999 1586 780 
8.953134982 1586 778 
8.959855175 1586 776 
8.966522505999999 1586 774 
8.973337094 1587 772 
8.980349912 1587 769 
8.987020642 1587 767 
8.993833719 1588 765 
9.000408542999999 1588 763 
9.00714837 1588 761 
9.014652421 1589 757 
9.021219692999999 1589 755 
9.028050895 1589 753 
9.034489034 1589 753 
9.041274926 1589 753 
9.048300582 1589 745 
9.055152173 1589 743 
9.062195574999999 1590 741 
9.068953147999999 1590 739 
9.076130213999999 1589 736 
9.082991999999999 1589 734 
9.089529065999999 1589 732 
9.096209234 1589 730 
9.102812377 1589 728 
9.109736086 1589 727 
9.116539346 1589 723 
9.123420389 1588 721 
9.130047696 1588 720 
9.136783746999999 1588 718 
9.143718406 1588 717 
9.150459742999999 1587 713 
9.157271688 1587 712 
9.164056825 1587 711 
9.170669784 1586 709 
9.177629363 1586 708 
9.184546653 1586 705 
9.191233240999999 1585 704 
9.197999875999999 1585 703 
9.204666074999999 1585 702 
9.211557689 1585 700 
9.218349622 1585 698 
9.225072458 1585 698 
9.231992769 1584 697 
9.23856797 1584 696 
9.245545672999999 1584 695 
9.25233383 1584 693 
9.259185421 1584 693 
9.265997744 1584 692 
9.272611836 1584 692 
9.279352418 1584 692 
9.286308975999999 1583 691 
9.293160944999999 1583 691 
9.299891709999999 1583 691 
9.306570368 1583 691 
9.313269794 1583 691 
9.320201055 1583 691 
9.326948811 1583 691 
9.333687882 1583 691 
9.340561749999999 1583 691 
9.347072008 1583 691 
9.353812967 1583 691 
9.36091716 1583 692 
9.367607523999999 1582 692 
9.374384731 1582 692 
9.381063012 1581 692 
9.387988608999999 1580 693 
9.395002181999999 1579 693 
9.401658940999999 1579 693 
9.408398390999999 1579 693 
9.41520807 1576 694 
9.421962622999999 1575 695 
9.429060019 1572 695 
9.435754536 1572 695 
9.442611791 1570 696 
9.449302531999999 1569 696 
9.455995160999999 1568 697 
9.462789737 1566 697 
9.469620938999999 1565 698 
9.476730417999999 1562 699 
9.483248226999999 1561 699 
9.490099061999999 1559 700 
9.497055997999999 1556 701 
9.503652722 1556 701 
9.51059531 1552 702 
9.517418582 1551 702 
9.523960179 1549 702 
9.530774766999999 1547 703 
9.537626735 1546 703 
9.544588957 1543 704 
9.551313302999999 1541 704 
9.558042936 1539 705 
9.564719706 1538 705 
9.571607923 1536 706 
9.578595443 1532 706 
9.585316013 1530 707 
9.592045644999999 1529 707 
9.599047891 1525 708 
9.605774502 1525 708 
9.612647993 1521 708 
9.619292669 1520 708 
9.626133688 1518 709 
9.633045313999999 1514 709 
9.639730391999999 1514 709 
9.646691481 1510 710 
9.653432062999999 1508 710 
9.660126958 1506 710 
9.667126182999999 1501 710 
9.67379427 1501 710 
9.680717978999999 1498 710 
9.687373227 1496 710 
9.694103237 1494 710 
9.701125117 1490 711 
9.707886087999999 1490 711 
9.714735790999999 1487 711 
9.721418603 1485 711 
9.728173910999999 1483 711 
9.735125183 1479 711 
9.741838956999999 1479 711 
9.748836672 1476 711 
9.755480215999999 1474 711 
9.762368809 1472 711 
9.769255892999999 1468 711 
9.776162988 1467 710 
9.782830319999999 1465 710 
9.789428931 1464 710 
9.796153655 1462 710 
9.802929352 1461 710 
9.810096977999999 1458 709 
9.816689925999999 1457 709 
9.823476195 1456 709 
9.83010388 1454 708 
9.83683389 1453 708 
9.843787805 1451 708 
9.850481567 1450 708 
9.857325984 1449 708 
9.863868336 1448 707 
9.870677638 1448 707 
9.877645901 1447 707 
9.884386861 1446 707 
9.891234297999999 1446 707 
9.897818184 1446 707 
9.904672417999999 1446 707 
9.911346923 1446 707 
9.918334066 1446 707 
9.924973456 1446 707 
9.931851477999999 1446 707 
9.938468967999999 1446 707 
9.945209927999999 1446 707 
9.952360563 1447 707 
9.958988626 1448 707 
9.965902895 1449 707 
9.972489423999999 1450 707 
9.979329687 1451 707 
9.986172594 1452 708 
9.993112160999999 1455 708 
9.99983613 1457 708 
10.006454753 1459 708 
10.013330132 1461 708 
10.020045415999999 1463 708 
10.027188122 1468 709 
10.033814674 1470 709 
10.04046879 1473 710 
10.047198044 1476 710 
10.054091546999999 1478 711 
10.061082465 1484 712 
10.067797748999999 1487 712 
10.074574201999999 1490 712 
10.081161108 1493 713 
10.088000239 1496 713 
10.096472408999999 1501 713 
10.102142169999999 1504 713 
10.108684144 1507 713 
10.115399428 1510 713 
10.122390723999999 1514 713 
10.129268368 1520 713 
10.136167157 1523 713 
10.142998358 1525 713 
10.149787271 1528 713 
10.156788006 1531 713 
10.163638086999999 1536 712 
10.170257464999999 1538 712 
10.177081869999999 1541 711 
10.184079962999999 1545 710 
10.190597772 1545 710 
10.197554708 1549 709 
10.204229590999999 1551 708 
10.21094563 1552 708 
10.217788535999999 1554 707 
10.224608032999999 1556 706 
10.231527966 1559 705 
10.238237964 1560 704 
10.244940788 1562 703 
10.25167042 1564 702 
10.258536358999999 1565 702 
10.265435903 1568 700 
10.272188566999999 1570 699 
10.278909137 1571 698 
10.285587796 1572 698 
10.292495646999999 1574 697 
10.299420487999999 1576 695 
10.306212798999999 1577 694 
10.312846902999999 1578 693 
10.319603342999999 1579 692 
10.326761153 1581 690 
10.333382796999999 1581 689 
10.340189833 1582 688 
10.34677825 1583 687 
10.353573581 1583 686 
10.360636616999999 1584 684 
10.367340195999999 1585 683 
10.374132129 1585 682 
10.380900275 1585 681 
10.387780183999999 1586 680 
10.394246265 1586 679 
10.401371979999999 1586 677 
10.408098969 1586 675 
10.414844836999999 1586 674 
10.421396628 1586 673 
10.428164773999999 1586 672 
10.4352044 1585 669 
10.441914774999999 1585 667 
10.448719168999999 1584 666 
10.455343832999999 1583 664 
10.46215238 1582 663 
10.469167085999999 1580 660 
10.475889166 1579 658 
10.482725276 1578 657 
10.489333326999999 1577 655 
10.496166417 1576 654 
10.503056898999999 1574 651 
10.509865068 1573 650 
10.516687206999999 1572 649 
10.523311871999999 1570 648 
10.530067179 1569 647 
10.53703582 1567 645 
10.543905534999999 1565 643 
10.550543037999999 1564 642 
10.557386699 1563 641 
10.563980024 1561 640 
10.570852004999999 1560 639 
10.577716811 1557 637 
10.58447665 1555 636 
10.591369019 1554 635 
10.597891737 1553 634 
10.605095234 1550 632 
10.611808629999999 1548 631 
10.618569600999999 1547 631 
10.625218430999999 1546 630 
10.631996015999999 1544 629 
10.638791347 1544 629 
10.645806808 1539 627 
10.652630836 1538 626 
10.659287217 1536 625 
10.666089345 1535 624 
10.672873725999999 1535 624 
10.679966214 1530 623 
10.686718501 1528 622 
10.693385076999999 1527 622 
10.700315583 1525 621 
10.706999905 1525 621 
10.714135814999999 1521 620 
10.720794460999999 1519 620 
10.72743876 1518 620 
10.734241265 1516 620 
10.741017718 1516 620 
10.747982961 1512 619 
10.754774893999999 1510 619 
10.761514343 1509 619 
10.768208481999999 1507 619 
10.775075177 1507 619 
10.781918461 1502 619 
10.788740978 1501 619 
10.795462302999999 1499 619 
10.802208925999999 1498 619 
10.809110736 1498 619 
10.816048037 1493 619 
10.822955888 1491 619 
10.82955752 1490 619 
10.836162173 1488 620 
10.842966943999999 1488 620 
10.849994865 1483 620 
10.856844945999999 1481 621 
10.86359761 1480 621 
10.870346120999999 1478 621 
10.877193936 1476 621 
10.88408102 1472 621 
10.890786487 1471 622 
10.897563317 1469 622 
10.904265763 1467 622 
10.911151713999999 1465 622 
10.918120355 1461 622 
10.924794859999999 1459 623 
10.931540728 1456 623 
10.938201641 1454 623 
10.945112512 1452 623 
10.952050191 1447 624 
10.958742065 1445 624 
10.965572133999999 1442 624 
10.972305164 1440 624 
10.979123527999999 1438 624 
10.985707414 1435 624 
10.99267832 1431 623 
10.999562382999999 1428 623 
11.006169301 1426 623 
11.013132656 1423 623 
11.019659527 1421 623 
11.026761832 1416 622 
11.033445021999999 1414 622 
11.040219209 1411 622 
11.046909571999999 1409 622 
11.053687912 1406 621 
11.060736978 1401 620 
11.067525513 1399 620 
11.074320844999999 1397 620 
11.080938334999999 1394 619 
11.087816733999999 1392 618 
11.09472383 1387 617 
11.101480647999999 1384 617 
11.108175919999999 1382 616 
11.114822106 1380 615 
11.121680870999999 1377 615 
11.128575129 1372 613 
11.135402177 1370 612 
11.142189201999999 1367 611 
11.148764779999999 1364 611 
11.155595982 1362 610 
11.162612954 1356 608 
11.169782844999999 1354 607 
11.174772959999999 1351 606 
11.180084775 1349 605 
11.186737758 1346 603 
11.193352605 1344 602 
11.20025819 1341 601 
11.207101096999999 1336 599 
11.214225679 1334 598 
11.221009683 1331 596 
11.227718547999999 1329 595 
11.234461773 1326 594 
11.241508196 1321 591 
11.248195539 1319 590 
11.254922149999999 1316 589 
11.261578153999999 1314 587 
11.268291173 1311 585 
11.275247730999999 1306 582 
11.282145387 1303 580 
11.288816116 1301 578 
11.295591058 1298 576 
11.302246306999999 1296 574 
11.309132635 1293 572 
11.315991022999999 1288 567 
11.322859226999999 1286 565 
11.329670416999999 1284 563 
11.336211636 1282 561 
11.343035663 1279 559 
11.349860446 1277 557 
11.356675412 1277 557 
11.363592323999999 1271 551 
11.370242286 1269 549 
11.376994950999999 1267 547 
11.383832571 1265 545 
11.390716633999999 1265 545 
11.397558408 1260 539 
11.404413396999999 1259 537 
11.410988221 1257 535 
11.417930431 1256 533 
11.424633633 1256 533 
11.431664952999999 1252 527 
11.438285464 1250 525 
11.44490673 1249 523 
11.451693753999999 1248 521 
11.458536282999999 1248 521 
11.465493597 1245 515 
11.472263253 1244 512 
11.478906795999999 1243 510 
11.485629254 1242 508 
11.492497081 1242 508 
11.499437025999999 1239 502 
11.506188936 1239 499 
11.512884963 1238 497 
11.519537946 1237 495 
11.526521313 1237 495 
11.533402355 1236 489 
11.540204483 1235 487 
11.546821218 1235 484 
11.553718497 1235 483 
11.560496836999999 1235 483 
11.567426208999999 1234 477 
11.574305363999999 1234 475 
11.580894535999999 1234 473 
11.587626811 1234 472 
11.59472383 1234 469 
11.601372658999999 1234 467 
11.608185737 1234 466 
11.614811911999999 1234 464 
11.621756388 1234 463 
11.628581169999999 1235 459 
11.635393492999999 1235 458 
11.642160505 1235 457 
11.648830857 1236 455 
11.655550671999999 1236 454 
11.662577837999999 1236 451 
11.669314266999999 1237 450 
11.676109598 1237 448 
11.682868681999999 1238 447 
11.689513358 1238 446 
11.69661453 1239 443 
11.703316977 1240 441 
11.710056802999999 1240 440 
11.716740371 1241 438 
11.723462828999999 1241 436 
11.730664437 1242 432 
11.737270223 1243 431 
11.744150132 1244 429 
11.750739681999999 1244 427 
11.757482152 1245 426 
11.764442864 1246 423 
11.771188731999999 1246 422 
11.778149443999999 1247 420 
11.78465366 1248 419 
11.79148977 1248 418 
11.798526752999999 1250 415 
11.805285837 1251 413 
11.812035103 1252 412 
11.818676758999999 1253 410 
11.825449058 1254 409 
11.83234407 1257 406 
11.839214163 1258 404 
11.845967582 1259 403 
11.852561663 1260 401 
11.85939513 1261 399 
11.866213115999999 1262 398 
11.873169675 1265 395 
11.879956699 1266 393 
11.886768265999999 1267 392 
11.893374051999999 1269 390 
11.900162964 1270 388 
11.907132359999999 1273 385 
11.913935243 1274 383 
11.920782680999999 1276 382 
11.927403192 1277 380 
11.934383161 1279 379 
11.941284591999999 1282 376 
11.948078790999999 1284 374 
11.954845803 1285 372 
11.961595446999999 1287 371 
11.968270707999999 1289 369 
11.975260116 1292 366 
11.982180803999999 1294 364 
11.988853043999999 1295 363 
11.995478840999999 1297 361 
12.002217535 1299 360 
12.009205433 1303 357 
12.015993589999999 1304 355 
12.022765888999999 1306 354 
12.029449834 1308 353 
12.03613038 1310 351 
12.043173027 1314 349 
12.049847155 1316 348 
12.056677224 1318 346 
12.063372119 1320 345 
12.070061726999999 1322 344 
12.077045849 1326 342 
12.083869498999999 1328 341 
12.090713915999999 1330 340 
12.097347641999999 1332 340 
12.104180732 1334 339 
12.111141444 1339 338 
12.117999076 1341 337 
12.124721911 1343 336 
12.131389243 1345 336 
12.138258202 1345 336 
12.145198525 1352 335 
12.152025949999999 1354 335 
12.158755583 1356 334 
12.165378359 1358 334 
12.172154810999999 1358 334 
12.179166119 1365 334 
12.186053957999999 1367 334 
12.192773017999999 1370 334 
12.19948075 1372 334 
12.206149969 1372 334 
12.213253785 1379 334 
12.219968312999999 1381 334 
12.226762511999999 1383 334 
12.233418515999999 1386 334 
12.240137575999999 1386 334 
12.247481533 1392 335 
12.252471647 1392 335 
12.257571639 1394 336 
12.264509696 1398 337 
12.271059221 1398 337 
12.278190223 1403 338 
12.284680091 1404 339 
12.291596248 1406 339 
12.298770671 1410 341 
12.305367394 1410 341 
12.312478761 1414 343 
12.318978446 1416 344 
12.325746213999999 1418 345 
12.332347469 1419 346 
12.339331968 1421 347 
12.346190733 1425 350 
12.352944153 1427 351 
12.359555601999999 1429 352 
12.366313175 1430 353 
12.373202902 1432 355 
12.380130386 1436 358 
12.386938554999999 1437 359 
12.393517155 1439 361 
12.400351754999999 1441 363 
12.407125564 1442 365 
12.414048894999999 1446 369 
12.420787966999999 1447 370 
12.427399416 1449 372 
12.434332565 1450 374 
12.441150927999999 1452 376 
12.448119946999999 1455 379 
12.454846936 1456 381 
12.461481418 1458 383 
12.468184618999999 1460 385 
12.475091715 1461 387 
12.482039965999999 1464 391 
12.488766199999999 1465 393 
12.495499608 1467 395 
12.502160898 1468 397 
12.509006825 1469 398 
12.515905990999999 1471 401 
12.522733417 1472 402 
12.529238010999999 1473 403 
12.535987655 1474 404 
12.542903811999999 1475 405 
12.549775037 1477 406 
12.556577919999999 1478 407 
12.563455942 1478 408 
12.569962423 1479 408 
12.576868386 1480 409 
12.583707894 1481 410 
12.590638022 1482 411 
12.597287228999999 1483 411 
12.603906985 1484 412 
12.610708358 1484 412 
12.617749494 1486 413 
12.624545958999999 1487 413 
12.631281254 1487 413 
12.638113589 1488 414 
12.644911185 1489 414 
12.651817903 1490 414 
12.658448987 1490 414 
12.665218265 1493 416 
12.671966397999999 1494 416 
12.678773056999999 1495 416 
12.685672223 1496 417 
12.692368251 1496 417 
12.699205493 1499 418 
12.705885284999999 1500 419 
12.712643236 1501 419 
12.719474059 1502 420 
12.726287515 1502 420 
12.733269749 1505 422 
12.739838531 1506 423 
12.746660293 1507 423 
12.753411447 1508 424 
12.760291735 1508 424 
12.767034204 1510 426 
12.77375704 1510 427 
12.780595415999999 1510 427 
12.78732316 1510 427 
12.794215529999999 1510 427 
12.801155851999999 1511 428 
12.807822050999999 1511 428 
12.814578868 1511 428 
12.821411203 1510 428 
12.828510865 1510 428 
12.835121181 1510 428 
12.841956913999999 1510 429 
12.848611407 1509 429 
12.855380685 1509 429 
12.862461844999999 1508 430 
12.869131441999999 1507 430 
12.875727411 1506 431 
12.882480453 1506 431 
12.88940605 1505 431 
12.896305216 1502 431 
12.903042777 1501 431 
12.909832822 1500 431 
12.916407646 1499 431 
12.9231807 1497 431 
12.930178037 1494 431 
12.936951091 1492 431 
12.943832889 1491 431 
12.950507771 1489 431 
12.957238536 1487 431 
12.964207932999999 1484 431 
12.971003641 1482 432 
12.977805391999999 1480 432 
12.984453088999999 1478 432 
12.991272584999999 1475 432 
12.998495338 1471 432 
13.005016546 1469 432 
13.011987829999999 1466 432 
13.018599279 1464 432 
13.025365159 1461 432 
13.032391947999999 1457 432 
13.039217485 1455 432 
13.046017348 1452 432 
13.052626531 1450 432 
13.059478122 1448 432 
13.066441477 1444 433 
13.073082377999999 1441 433 
13.079878464 1439 434 
13.086525406 1437 434 
13.093295817 1435 434 
13.100186676 1431 435 
13.107052614999999 1429 435 
13.113752041 1427 435 
13.120410688 1425 435 
13.127175435 1423 436 
13.134059498 1419 437 
13.14096244 1418 437 
13.147669794999999 1416 438 
13.154370731 1414 438 
13.161266876 1412 439 
13.16830839 1409 440 
13.175035757 1407 441 
13.181829577999999 1406 441 
13.188508236999999 1406 441 
13.195538801 1402 442 
13.202321294999999 1399 443 
13.209032425 1397 443 
13.215902518 1396 444 
13.222461104999999 1396 444 
13.229412378 1392 445 
13.236106517 1389 446 
13.242924503 1387 447 
13.249650359999999 1385 447 
13.256287106999999 1385 447 
13.263310875 1382 449 
13.270009544999999 1378 450 
13.276884168999999 1377 451 
13.283594544 1375 451 
13.290263762999999 1375 451 
13.297197289 1372 452 
13.304044349 1368 453 
13.310895185 1366 454 
13.317567425 1365 455 
13.324351429 1365 455 
13.331235868999999 1361 456 
13.338034599 1358 458 
13.344843899999999 1356 459 
13.351595054999999 1355 460 
13.35828051 1355 460 
13.36522272 1352 462 
13.371812646999999 1350 463 
13.378885123 1348 465 
13.385601917999999 1346 466 
13.392996848 1346 466 
13.399426303 1343 468 
13.406160466 1342 469 
13.413104564 1339 471 
13.419946716 1337 472 
13.426603852 1337 472 
13.433599302 1334 474 
13.440463353 1333 475 
13.447441055999999 1330 478 
13.454276788 1329 479 
13.461012462 1329 479 
13.467707356 1327 481 
13.474433589999999 1326 482 
13.481577806999999 1324 484 
13.488233811 1323 485 
13.494917378 1323 485 
13.501697983 1321 487 
13.508519367999998 1321 488 
13.515546911999998 1319 489 
13.522304861999999 1318 490 
13.529127378999998 1318 490 
13.535704091 1317 491 
13.542554548999998 1317 491 
13.549472594000001 1316 492 
13.556337778 1315 492 
13.563149346 1315 493 
13.569763437999999 1315 493 
13.576736231999998 1314 493 
13.583434147999998 1313 493 
13.590317833 1313 492 
13.597018768999998 1312 492 
13.603598123999998 1311 491 
13.610349655 1311 490 
13.617401741999998 1309 488 
13.624210666 1309 487 
13.630940675999998 1308 486 
13.637760172 1307 485 
13.644336883999998 1306 483 
13.651353856 1304 481 
13.658123511 1303 479 
13.664890902 1302 478 
13.671622421999999 1301 477 
13.678348656 1300 475 
13.685492116999999 1298 472 
13.692160957999999 1297 471 
13.698991782 1296 470 
13.705618335 1295 468 
13.712415931999999 1295 467 
13.719373245 1293 465 
13.726203691999999 1293 464 
13.733018656999999 1292 464 
13.739610849999998 1292 463 
13.746417886 1292 463 
13.753318184999998 1292 463 
13.760113516 1292 463 
13.766879774 1292 463 
13.773627906999998 1292 464 
13.780514613000001 1292 464 
13.787433790999998 1293 466 
13.794211753999999 1293 467 
13.800921373999998 1294 468 
13.807542639999998 1294 469 
13.814477299 1295 470 
13.8210963 1296 471 
13.828171419 1297 474 
13.834942963 1298 475 
13.841757928 1299 477 
13.848515500999998 1300 478 
13.855155647 1301 480 
13.862271921999998 1303 483 
13.869220929 1304 484 
13.875794998 1305 485 
13.882481207999998 1306 487 
13.889290132 1307 488 
13.896237250999999 1309 490 
13.90303145 1310 491 
13.909773542 1311 492 
13.916365734 1312 493 
13.923168239999999 1313 494 
13.930189742 1315 495 
13.937025474999999 1316 496 
13.943764168999998 1317 497 
13.950480963 1318 497 
13.95713017 1319 497 
13.964160735 1320 498 
13.970922461 1320 498 
13.977784624999998 1320 498 
13.984448558 1321 498 
13.991238603 1321 498 
13.99825784 1321 498 
14.004907801999998 1321 498 
14.01176619 1321 498 
14.018394252 1321 498 
14.025125395 1321 498 
14.032112914999999 1321 498 
14.038959975000001 1321 497 
14.045930125999998 1322 497 
14.052462661 1322 496 
14.059238357999998 1321 495 
14.066253819 1321 493 
14.073011014999999 1321 492 
14.079909048000001 1321 491 
14.086527670999999 1320 490 
14.093270519 1320 488 
14.100187430999998 1319 486 
14.107150785999998 1319 484 
14.113936677999998 1319 483 
14.120521697000001 1319 481 
14.127261901 1319 480 
14.134229409 1319 477 
14.141138015 1318 476 
14.147902384999998 1318 475 
14.154616158 1319 474 
14.161306522 1319 473 
14.168354078 1320 471 
14.175136571 1321 470 
14.181910002999999 1321 469 
14.188514278 1322 468 
14.195320558999999 1323 467 
14.202385483 1324 465 
14.209150607999998 1325 464 
14.216027496999999 1326 463 
14.22262271 1327 462 
14.229354229999998 1328 461 
14.236303615 1330 459 
14.243183523999999 1331 458 
14.249933167999998 1332 457 
14.256566139 1333 456 
14.263571784 1335 455 
14.270333888 1337 454 
14.277160557999999 1338 453 
14.283908692 1340 452 
14.290705533 1341 451 
14.297264120999998 1343 451 
14.304187453 1344 450 
14.311133061 1347 449 
14.317734316 1349 449 
14.32464632 1350 448 
14.331176210999999 1352 448 
14.337889229999998 1353 447 
14.344962460999998 1356 446 
14.351603360999999 1358 445 
14.358477985 1360 445 
14.364995416 1361 444 
14.371893449999998 1363 443 
14.378897205999998 1367 442 
14.385659688 1368 442 
14.392467857 1370 441 
14.399142362 1372 441 
14.405967522000001 1374 440 
14.412719054 1376 440 
14.419588769 1378 439 
14.426321799 1378 439 
14.433144694 1384 438 
14.439892826999998 1386 438 
14.446674565999999 1389 437 
14.453480846999998 1391 437 
14.460268626999998 1391 437 
14.467365267999998 1397 436 
14.473887607999998 1400 436 
14.478877723 1402 435 
14.484373040999998 1404 435 
14.4911578 1404 435 
14.498116623999998 1411 434 
14.504818314999998 1413 434 
14.511649516999999 1415 434 
14.518451644999999 1418 434 
14.525083483 1418 434 
14.532484454999999 1425 434 
14.539197473999998 1428 433 
14.545992805000001 1430 433 
14.552736785 1433 433 
14.559384859999998 1433 433 
14.566441855 1441 433 
14.573239074 1443 433 
14.580040446999998 1446 433 
14.586643210999998 1448 433 
14.593435144 1448 433 
14.600382263 1456 433 
14.607229322999999 1459 433 
14.613991804999998 1461 433 
14.620732009000001 1464 433 
14.627431056999999 1464 433 
14.634378175999998 1472 433 
14.641159537 1474 433 
14.64791409 1477 433 
14.654671285 1479 433 
14.661265365999999 1479 433 
14.668383529 1487 432 
14.675156960999999 1489 432 
14.681876398 1492 432 
14.688553545999998 1494 432 
14.695274494 1494 432 
14.702309589999999 1501 432 
14.709053947000001 1503 432 
14.715919508999999 1505 432 
14.722526426999998 1508 432 
14.729275692999998 1508 432 
14.736245467 1515 433 
14.743061564999998 1517 433 
14.749909758000001 1519 433 
14.75664883 1522 433 
14.763478521 1524 434 
14.770014831000001 1526 434 
14.777059366 1531 435 
14.783744066 1533 436 
14.790495975999999 1535 437 
14.797332086 1537 437 
14.803919746999998 1540 438 
14.811021675 1544 439 
14.817656534000001 1546 440 
14.824517564 1548 441 
14.831251726999998 1550 441 
14.837826928999998 1551 441 
14.844877505 1555 442 
14.851567869 1556 442 
14.858375283 1558 442 
14.865155888 1559 442 
14.871822086999998 1560 442 
14.878546433 1562 443 
14.885518094999998 1564 442 
14.892337213000001 1565 442 
14.899103093 1566 442 
14.905660171000001 1566 442 
14.912415855999999 1567 442 
14.919495884 1569 442 
14.926177940999999 1569 441 
14.933065779 1570 441 
14.939632673999999 1571 441 
14.946388359 1571 441 
14.953356244999998 1572 441 
14.960192733 1573 441 
14.967018648 1573 441 
14.973634251 1574 441 
14.980465074999998 1574 441 
14.987352158 1575 442 
14.99412861 1576 442 
15.00086013 1576 442 
15.007567485 1576 442 
15.014341672 1577 442 
15.021294831999999 1578 443 
15.028135472999999 1578 443 
15.034782792999998 1578 443 
15.041436530999999 1578 443 
15.04839762 1579 444 
15.055089872 1580 445 
15.061935043999998 1580 446 
15.068729243 1581 446 
15.075457363999998 1581 446 
15.082281014 1582 448 
15.089135247999998 1583 449 
15.095931711999999 1583 450 
15.102730818999998 1584 451 
15.109372853 1584 451 
15.116296561999999 1585 452 
15.123245567999998 1586 454 
15.130015224000001 1587 455 
15.136894000999998 1588 456 
15.143434087 1588 456 
15.150253583999998 1589 459 
15.157279617 1591 461 
15.164116482 1592 463 
15.170832899 1593 464 
15.177489281 1593 464 
15.184412234 1595 466 
15.191257028999999 1597 468 
15.198062555 1597 469 
15.204820505 1598 470 
15.211498409 1598 470 
15.218253339 1599 472 
15.225226510999999 1600 473 
15.232178915999999 1601 473 
15.238837941 1601 474 
15.245503761999998 1601 474 
15.252208850999999 1602 475 
15.259166165 1603 476 
15.266035123999998 1603 477 
15.272684709 1603 477 
15.279387154999998 1603 477 
15.286143595999999 1603 478 
15.293175293000001 1603 479 
15.300035191 1603 480 
15.306735748999998 1603 481 
15.313454809 1603 481 
15.320204829999998 1603 482 
15.327044339 1603 483 
15.334040921 1603 484 
15.340971803999999 1603 485 
15.347819995999998 1603 486 
15.354274748999998 1603 487 
15.361078764999998 1603 488 
15.368036079 1602 489 
15.374789121 1602 490 
15.38157237 1601 491 
15.388276703999999 1601 491 
15.394955362000001 1600 492 
15.401943637999999 1598 494 
15.408772574 1598 495 
15.415581876000001 1597 496 
15.422243921 1596 496 
15.429016219000001 1595 497 
15.436048293999999 1593 500 
15.442748852999998 1592 501 
15.449659724 1591 502 
15.456347821999998 1590 503 
15.462970976000001 1589 504 
15.469778011999999 1588 505 
15.476723243999999 1586 507 
15.483655258999999 1586 508 
15.490341847 1585 509 
15.49702919 1584 511 
15.504037477 1582 513 
15.510940419 1581 514 
15.517665898 1581 516 
15.524318504 1580 517 
15.531050400999998 1579 519 
15.538031501999999 1579 522 
15.544893288 1578 524 
15.551598755 1578 526 
15.558408812 1577 527 
15.564999493999998 1577 529 
15.571869585999998 1577 530 
15.578765732 1577 534 
15.585568237 1576 536 
15.592918612999998 1576 537 
15.599365813999999 1576 539 
15.606301605999999 1576 543 
15.612951191 1576 546 
15.619673649 1577 548 
15.626411588 1577 550 
15.633148016 1577 553 
15.640624503999998 1577 557 
15.647335257999998 1578 560 
15.654071685999998 1578 562 
15.660927808 1578 564 
15.667529817999998 1578 566 
15.674464854 1578 570 
15.681316823 1577 573 
15.688041168999998 1577 575 
15.694659037000001 1577 577 
15.701543476999998 1577 579 
15.70836826 1577 583 
15.715166233999998 1576 585 
15.721781836999998 1576 585 
15.728545073 1576 585 
15.735332476 1576 592 
15.742323771999999 1575 596 
15.749190465999998 1575 598 
15.755797384000001 1575 598 
15.762643689 1575 598 
15.769307998999999 1573 603 
15.776090114999999 1572 605 
15.783089718 1571 609 
15.789730241 1571 609 
15.796529726 1571 609 
15.803322414 1569 614 
15.810165697999999 1568 616 
15.817091295 1567 619 
15.823759758999998 1567 619 
15.830607573999998 1567 619 
15.83728661 1565 623 
15.84408685 1565 624 
15.851069460999998 1563 626 
15.857737548 1563 626 
15.864779062 1562 628 
15.871330853 1561 628 
15.878082384999999 1560 629 
15.885000052999999 1559 629 
15.891754605 1559 629 
15.898637912999998 1557 630 
15.905300336 1557 630 
15.911989943999998 1556 630 
15.919011823999998 1556 630 
15.925644040999998 1556 630 
15.932585117999999 1555 631 
15.939254715 1555 631 
15.946007001999998 1555 631 
15.952747205999998 1556 631 
15.959640708999999 1556 632 
15.966551958 1556 632 
15.973545518999998 1556 632 
15.979981015 1556 632 
15.986753692 1556 632 
15.993529765999998 1556 632 
16.000362478 1556 632 
16.007098529 1556 632 
16.013989389 1556 632 
16.020662006 1556 632 
16.027500381 1556 632 
16.034218686 1556 632 
16.041264354 1556 632 
16.04796529 1556 632 
16.0546515 1556 632 
16.061533297 1556 632 
16.068254622999998 1556 632 
16.075159452999998 1556 632 
16.081781474 1556 632 
16.088566232999998 1556 632 
16.095332112999998 1556 632 
16.101983208 1556 632 
16.10877061 1556 632 
16.115513458 1556 632 
16.122359007 1556 632 
16.129136592 1556 632 
16.13597157 1556 632 
16.142664199 1556 632 
16.149433099 1556 632 
16.156179723 1556 632 
16.162960328 1556 632 
16.169750373 1556 632 
16.176464147 1556 632 
16.183320647 1556 632 
16.189986845 1556 632 
16.196729692999998 1556 632 
16.203458946999998 1556 632 
16.210235399 1556 632 
16.217025066999998 1556 632 
16.223715053 1556 632 
16.230627435 1556 632 
16.237317421 1556 632 
16.244084811 1556 632 
16.250827281 1556 632 
16.25757617 1556 632 
16.264348091 1556 632 
16.271087918 1556 632 
16.277914966 1556 632 
16.284592491999998 1556 632 
16.291452767 1556 632 
16.298326258 1556 632 
16.305015111 1556 632 
16.311790053 1556 632 
16.318504582 1556 632 
16.325373541 1556 632 
16.331970265 1556 632 
16.338711602 1556 632 
16.345480503 1556 632 
16.352175397 1556 632 
16.358972994 1556 632 
16.365686012 1556 632 
16.37244132 1556 632 
16.379198138 1556 632 
16.385960242 1556 632 
16.392750664999998 1556 632 
16.399422527 1556 632 
16.406243912 1556 632 
16.413017721 1556 632 
16.419779447 1556 632 
16.426533622 1556 632 
16.433239467 1556 632 
16.440016296 1556 632 
16.44673007 1556 632 
16.453550321999998 1556 632 
16.460327151999998 1556 632 
16.467152689 1556 632 
16.473915170999998 1556 632 
16.480760343 1556 632 
16.487515273 1556 632 
16.494206014 1556 632 
16.500970384 1556 632 
16.507766848 1556 632 
16.514620705 1556 632 
16.521258583999998 1556 632 
16.528116217 1556 632 
16.534786191 1556 632 
16.541563776 1556 632 
16.548364771 1556 632 
16.55509025 1556 632 
16.56188256 1556 632 
16.568620122 1556 632 
16.575505317 1556 632 
16.582135645 1556 632 
16.588910965 1556 632 
16.595709317 1556 632 
16.602369096 1556 632 
16.609125537 1556 632 
16.615872915 1556 632 
16.622715822 1556 632 
16.629422421 1556 632 
16.636133552 1556 632 
16.642907738999998 1556 632 
16.649656628 1556 632 
16.656452336 1556 632 
16.663264281 1556 632 
16.670424734 1556 632 
16.675414849 1556 632 
16.680635666 1556 632 
16.687354348 1556 632 
16.694045089 1556 632 
16.700966155 1556 632 
16.707648589999998 1556 632 
16.714459402 1556 632 
16.721518662 1556 632 
16.728224129 1556 632 
16.735154635 1556 632 
16.74187445 1556 632 
16.748553108 1556 632 
16.755305017999998 1556 632 
16.762098461 1556 632 
16.768832623999998 1556 632 
16.775587932 1556 632 
16.782299063 1556 632 
16.789005662 1556 632 
16.795753041 1556 632 
16.80249249 1556 632 
16.809312364 1556 632 
16.815901158 1556 632 
16.822706307 1556 632 
16.829492954 1556 632 
16.836147447 1556 632 
16.842932961 1556 632 
16.84967241 1556 632 
16.856494171999998 1556 632 
16.863208324 1556 632 
16.869864328 1556 632 
16.87669855 1556 632 
16.883402884 1556 632 
16.890251832 1556 632 
16.897050939 1556 632 
16.90389309 1556 632 
16.910853047 1556 632 
16.917559268999998 1556 632 
16.924243214 1556 632 
16.931053648 1556 632 
16.937807067999998 1556 632 
16.944543119 1556 632 
16.951418498 1556 632 
16.958122832 1556 632 
16.96495139 1556 632 
16.971636468 1556 632 
16.978406878999998 1556 632 
16.985135756 1556 632 
16.991889553 1556 632 
16.998764175999998 1556 632 
17.005373738 1556 632 
17.012285364 1556 632 
17.018965155 1556 632 
17.025771814 1556 632 
17.032504843999998 1556 632 
17.039246936999998 1556 632 
17.046036982 1556 632 
17.052704691 1556 632 
17.059444895 1556 632 
17.066102409 1556 632 
17.072937009 1556 632 
17.079705909999998 1556 632 
17.086479341 1556 632 
17.093245221 1556 632 
17.099975608 1556 632 
17.106800391 1556 632 
17.113506235 1556 632 
17.120206793999998 1556 632 
17.127006278 1556 632 
17.133704949 1556 632 
17.140529732 1556 632 
17.14725521 1556 632 
17.154046011 1556 632 
17.160775643 1556 632 
17.16754039 1556 632 
17.174288901 1556 632 
17.181077436 1556 632 
17.187791965 1556 632 
17.194612971999998 1556 632 
17.20145248 1556 632 
17.208167009 1556 632 
17.214955166 1556 632 
17.221677247 1556 632 
17.228431044 1556 632 
17.235153502 1556 632 
17.241910697999998 1556 632 
17.248778147 1556 632 
17.255464357 1556 632 
17.262278945 1556 632 
17.268964023 1556 632 
17.275735189 1556 632 
17.282513529 1556 632 
17.289280541 1556 632 
17.296085312 1556 632 
17.302764726 1556 632 
17.309580069 1556 632 
17.316190386 1556 632 
17.322963816999998 1556 632 
17.329712328 1556 632 
17.336364556 1556 632 
17.343302613 1556 632 
17.349805318999998 1556 632 
17.356594987 1556 632 
17.363352182 1556 632 
17.370108245 1556 632 
17.376871482 1556 632 
17.383574683 1556 632 
17.390353778999998 1556 632 
17.39711626 1556 632 
17.403899886999998 1556 632 
17.410623476999998 1556 632 
17.417380673 1556 632 
17.424170341 1556 632 
17.430983041 1556 632 
17.437794229999998 1556 632 
17.444625432 1556 632 
17.451442662999998 1556 632 
17.458208542999998 1556 632 
17.465008783 1556 632 
17.471702545 1556 632 
17.478483905 1556 632 
17.485229396 1556 632 
17.49202586 1556 632 
17.498803067 1556 632 
17.505497962 1556 632 
17.512364278 1556 632 
17.519013486 1556 632 
17.525748782 1556 632 
17.532569032999998 1556 632 
17.539334536 1556 632 
17.546086445 1556 632 
17.552777186 1556 632 
17.559623113 1556 632 
17.566264769 1556 632 
17.573132596 1556 632 
17.579869025 1556 632 
17.586506148999998 1556 632 
17.593341127 1556 632 
17.600105119 1556 632 
17.606903847999998 1556 632 
17.613654625 1556 632 
17.62042277 1556 632 
17.627078019 1556 632 
17.633854849 1556 632 
17.640653201 1556 632 
17.647400957 1556 632 
17.654216677 1556 632 
17.660966699 1556 632 
17.667740886 1556 632 
17.67452791 1556 632 
