0.0 0 0 
0.004990115000000017 0 0 
0.009980230000000034 0 0 
0.014970345000000052 0 0 
0.01996046000000007 0 0 
0.024950575000000086 0 0 
0.029940690000000103 0 0 
0.03493080500000012 0 0 
0.03995339100000006 0 0 
0.04494350600000008 0 0 
0.049933621000000095 0 0 
0.05492373600000011 0 0 
0.05991385100000013 0 0 
0.06490396600000015 0 0 
0.06989408100000016 0 0 
0.07488419600000018 0 0 
0.0798743110000002 0 0 
0.08486442600000021 0 0 
0.08985454100000023 0 0 
0.09484465600000025 0 0 
0.09983477100000027 0 0 
0.1048248850000002 0 0 
0.10981500000000022 0 0 
0.11480511500000024 0 0 
0.11979523000000025 0 0 
0.12478534500000027 0 0 
0.1297754600000003 0 0 
0.1347655750000003 0 0 
0.13975569000000032 0 0 
0.14474580500000034 0 0 
0.14973592000000036 0 0 
0.15472603500000037 0 0 
0.1597161500000004 0 0 
0.16470626400000032 0 0 
0.16969637900000034 0 0 
0.17468649400000036 0 0 
0.17967660900000038 0 0 
0.1846667240000004 0 0 
0.1896568390000004 0 0 
0.19464695400000043 0 0 
0.19963706900000044 0 0 
0.20462718400000046 0 0 
0.20961729900000048 0 0 
0.2146074140000005 0 0 
0.2195975290000005 0 0 
0.22458764400000053 0 0 
0.22957775800000046 0 0 
0.23456787300000048 0 0 
0.2395579880000005 0 0 
0.24454810300000052 0 0 
0.24953821800000053 0 0 
0.25452833300000055 0 0 
0.25951844800000057 0 0 
0.2645085630000006 0 0 
0.2694986780000006 0 0 
0.2744887930000006 0 0 
0.27947890800000064 0 0 
0.28446902300000065 0 0 
0.28945913800000067 0 0 
0.2944492520000006 0 0 
0.2994393670000006 0 0 
0.30442948200000064 0 0 
0.30941959700000066 0 0 
0.3144097120000007 0 0 
0.3193998270000007 0 0 
0.3243899420000007 0 0 
0.3293800570000007 0 0 
0.33437017200000074 0 0 
0.33936028700000076 0 0 
0.3443504020000008 0 0 
0.3493405170000008 0 0 
0.35433063100000073 0 0 
0.35932074600000075 0 0 
0.36431086100000076 0 0 
0.3693009760000008 0 0 
0.3742910910000008 0 0 
0.3792812060000008 0 0 
0.38427132100000083 0 0 
0.38926143600000085 0 0 
0.39425155100000087 0 0 
0.3992416660000009 0 0 
0.404231781 0 0 
0.40922189600000003 0 0 
0.41421201100000005 0 0 
0.41920212500000087 0 0 
0.4241922400000009 0 0 
0.429182355 0 0 
0.43417247000000003 0 0 
0.43916258500000005 0 0 
0.44415270000000007 0 0 
0.4491428150000001 0 0 
0.4541329300000001 0 0 
0.4591230450000001 0 0 
0.46411316000000014 0 0 
0.46910327500000015 0 0 
0.47409339000000017 0 0 
0.4790835040000001 0 0 
0.4840736190000001 0 0 
0.48906373400000014 0 0 
0.49405384900000016 0 0 
0.4990439640000002 0 0 
0.5040340790000002 0 0 
0.5090241940000002 0 0 
0.5140143090000002 0 0 
0.5190044240000002 0 0 
0.5239945390000003 0 0 
0.5289846540000003 0 0 
0.5339747690000003 0 0 
0.5389648840000003 0 0 
0.5439549980000002 0 0 
0.5489451130000003 0 0 
0.5539352280000003 0 0 
0.5589253430000003 0 0 
0.5639154580000003 0 0 
0.5689055730000003 0 0 
0.5738956880000003 0 0 
0.5788858030000004 0 0 
0.5838759180000004 0 0 
0.5888660330000004 0 0 
0.5938561480000004 0 0 
0.5988462630000004 0 0 
0.6038363780000005 0 0 
0.6088264920000004 0 0 
0.6138166070000004 0 0 
0.6188067220000004 0 0 
0.6237968370000004 0 0 
0.6287869520000005 0 0 
0.6337770670000005 0 0 
0.6387671820000005 0 0 
0.6437572970000005 0 0 
0.6487474120000005 0 0 
0.6537375270000005 0 0 
0.6587276420000006 0 0 
0.6637177570000006 0 0 
0.6687078710000005 0 0 
0.6736979860000005 0 0 
0.6786881010000005 0 0 
0.6836782160000006 0 0 
0.6886683310000006 0 0 
0.6936584460000006 0 0 
0.6986485610000006 0 0 
0.7036386760000006 0 0 
0.7086287910000006 0 0 
0.7136189060000007 0 0 
0.7186090210000007 0 0 
0.7235991360000007 0 0 
0.7285892510000007 0 0 
0.7335793650000006 0 0 
0.7385864720000006 0 0 
0.7435765860000005 0 0 
0.7485667010000006 0 0 
0.7535568160000006 0 0 
0.7585469310000006 0 0 
0.7635370460000006 0 0 
0.7685271610000006 0 0 
0.7735172760000006 0 0 
0.7785073910000007 0 0 
0.7834975060000007 0 0 
0.7884876210000007 0 0 
0.7934777360000007 0 0 
0.7984678510000007 0 0 
0.8034579650000007 0 0 
0.8084480800000007 0 0 
0.8134381950000007 0 0 
0.8184283100000007 0 0 
0.8234184250000007 0 0 
0.8284085400000007 0 0 
0.8333986550000008 0 0 
0.8383887700000008 0 0 
0.8433788850000008 0 0 
0.8483690000000008 0 0 
0.8533591150000008 0 0 
0.8583492300000009 0 0 
0.8633393450000009 0 0 
0.8683294590000008 0 0 
0.8733195740000008 0 0 
0.8783096890000008 0 0 
0.8832998040000009 0 0 
0.8882899190000009 0 0 
0.893280034 0 0 
0.898270149 0 0 
0.903260264 0 0 
0.908250379 0 0 
0.9132404940000001 0 0 
0.9182306090000001 0 0 
0.9232207240000001 0 0 
0.9282108390000001 0 0 
0.933200953 0 0 
0.9381910680000001 0 0 
0.9431811830000001 0 0 
0.9481712980000001 0 0 
0.9531614130000001 0 0 
0.9581515280000001 0 0 
0.9631416430000002 0 0 
0.9681317580000002 0 0 
0.9731218730000002 0 0 
0.9781119880000002 0 0 
0.9831021030000002 0 0 
0.9880922180000002 0 0 
0.9930823320000002 0 0 
0.9980724470000002 0 0 
1.0030625620000002 0 0 
1.0080526770000002 0 0 
1.0130427920000002 0 0 
1.0180329070000003 0 0 
1.0230230220000003 0 0 
1.0280131370000003 0 0 
1.0330032520000003 0 0 
1.0379933670000003 0 0 
1.0429834820000004 0 0 
1.0479735970000004 0 0 
1.0529637120000004 0 0 
1.0579538260000003 0 0 
1.0629439410000003 0 0 
1.0679340560000004 0 0 
1.0729241710000004 0 0 
1.0779142860000004 0 0 
1.0829044010000004 0 0 
1.0878945160000004 0 0 
1.0928846310000004 0 0 
1.0978747460000005 0 0 
1.1028648610000005 0 0 
1.1078549760000005 0 0 
1.1128450910000005 1127 366 
1.1178352050000004 1127 366 
1.1228253200000005 1126 366 
1.1278154350000005 1126 366 
1.1413804220000001 1124 366 
1.1468062660000005 1124 366 
1.153978801 1123 366 
1.1604599850000001 1123 366 
1.1672658880000002 1123 366 
1.1739728660000006 1123 366 
1.1811639020000007 1119 366 
1.1880260650000007 1118 365 
1.1945438740000007 1118 365 
1.2013490230000006 1118 365 
1.2083765670000002 1116 365 
1.2151851130000004 1115 365 
1.2219532590000002 1115 364 
1.2285586660000005 1115 364 
1.2352954730000008 1115 364 
1.242419677 1115 363 
1.2491149490000009 1116 363 
1.2560518740000006 1116 362 
1.2626712520000005 1116 362 
1.2693408490000007 1116 362 
1.276335543 1115 361 
1.2831237000000009 1115 359 
1.2898816510000009 1115 359 
1.2965308580000006 1115 359 
1.3032774820000004 1115 359 
1.3103544890000007 1114 358 
1.3170565570000008 1114 357 
1.324027086 1114 357 
1.3305441400000007 1114 357 
1.3373149290000006 1114 357 
1.344424408 1114 356 
1.3511714080000008 1114 355 
1.3580071410000008 1114 355 
1.3646042420000004 1114 355 
1.3716106410000002 1114 355 
1.3781480840000002 1115 355 
1.3851390030000008 1115 354 
1.3920612020000007 1115 354 
1.3985858070000008 1115 354 
1.4053188370000003 1115 354 
1.412171561 1115 355 
1.4191235890000007 1116 355 
1.4258339640000006 1116 355 
1.4326024870000005 1116 355 
1.4393472220000003 1116 355 
1.4462052320000005 1117 356 
1.4532237140000008 1117 356 
1.4599046380000003 1117 356 
1.4667007250000008 1117 356 
1.4734496130000005 1117 356 
1.4803113990000005 1119 356 
1.4870123350000002 1119 356 
1.4938801620000008 1119 356 
1.500616968 1119 356 
1.5073907770000003 1119 356 
1.5142691760000009 1120 354 
1.5210826320000006 1120 353 
1.5417053690000007 1120 349 
1.5470840150000003 1120 348 
1.5539091750000003 1120 347 
1.5609253920000006 1120 346 
1.5676100920000007 1120 346 
1.5744786740000007 1120 346 
1.5814831850000006 1118 342 
1.5880553660000007 1118 342 
1.6084002030000004 1117 341 
1.613958578 1117 341 
1.6208905940000005 1116 341 
1.6274321900000004 1116 341 
1.6341825890000008 1116 341 
1.6409839620000009 1116 341 
1.6480809810000006 1116 340 
1.6548483710000008 1116 340 
1.6615100380000003 1116 340 
1.6684835880000009 1116 340 
1.6759857520000008 1116 340 
1.683586086 1116 340 
1.6891089690000003 1116 340 
1.6956584940000008 1116 340 
1.7024228640000008 1116 340 
1.7092404730000004 1116 340 
1.7163888420000006 1116 340 
1.7232370350000004 1116 340 
1.7299062540000003 1116 340 
1.7368363820000008 1116 340 
1.7435520440000003 1116 340 
1.7503345370000005 1116 340 
1.7570415140000009 1116 340 
1.7637669930000008 1116 340 
1.7704539590000001 1116 340 
1.7774007000000003 1116 340 
1.7841628040000002 1116 340 
1.7908184300000007 1116 340 
1.7976062100000005 1116 340 
1.804347925 1116 340 
1.8111976280000004 1116 340 
1.8181202040000004 1116 340 
1.8252512050000007 1116 340 
1.8317361640000005 1116 340 
1.838438988 1116 340 
1.8451584260000002 1116 340 
1.8587275660000007 1118 353 
1.8657373640000001 1118 354 
1.8723986540000004 1118 356 
1.8791996490000002 1118 357 
1.8862777880000001 1118 360 
1.8929481400000006 1118 362 
1.8996845690000006 1118 363 
1.9063296230000004 1119 365 
1.9130577440000005 1119 367 
1.9200581020000005 1119 371 
1.9268421060000005 1119 373 
1.9336695320000006 1120 375 
1.9404218190000009 1120 377 
1.9470170320000006 1120 379 
1.9538085880000002 1120 381 
1.9607862910000007 1120 385 
1.9676628020000004 1121 387 
1.9742912420000005 1121 389 
1.9811484970000004 1121 391 
1.9880873090000009 1121 396 
1.9949517380000001 1121 398 
2.0017655700000008 1121 400 
2.008392123 1121 402 
2.0151225100000003 1121 405 
2.02210701 1121 410 
2.0290156150000005 1122 412 
2.0357218370000005 1122 414 
2.042452225000001 1122 416 
2.049122199 1122 418 
2.0560666750000003 1122 423 
2.0629854750000005 1122 425 
2.0696675320000004 1123 427 
2.076324669000001 1123 429 
2.0830176750000007 1123 431 
2.0900720280000007 1124 436 
2.0969470280000007 1124 439 
2.1036441890000006 1124 441 
2.110299437 1125 444 
2.117093636000001 1125 446 
2.124064542 1125 451 
2.1309516260000008 1126 454 
2.1377677240000006 1126 456 
2.1443289550000006 1127 459 
2.1511163570000003 1127 461 
2.1580782020000004 1128 466 
2.1649743470000002 1128 468 
2.171803283 1129 471 
2.1784124670000002 1129 473 
2.1852225240000003 1130 476 
2.192328605 1131 481 
2.1988728440000003 1131 481 
2.2055922820000005 1131 481 
2.212364958 1132 489 
2.2191149800000005 1133 492 
2.226154984000001 1134 497 
2.23297448 1134 497 
2.2396270860000005 1134 497 
2.2464586650000005 1135 506 
2.253220014 1136 508 
2.2601735520000004 1136 511 
2.2668038800000003 1136 514 
2.2736056300000005 1136 514 
2.280526696000001 1137 522 
2.2871981800000007 1138 524 
2.2940123910000008 1138 526 
2.3007480640000004 1138 529 
2.3075199850000008 1138 529 
2.3144142430000008 1139 535 
2.3210849730000005 1139 537 
2.327859159000001 1139 539 
2.3347568150000004 1139 541 
2.3415842410000005 1139 541 
2.3484675490000004 1140 548 
2.3552409800000005 1140 551 
2.361928701 1140 553 
2.3687663210000007 1140 556 
2.375843328 1140 560 
2.382427969 1140 562 
2.3892070640000007 1140 564 
2.3958521180000005 1141 566 
2.4026765230000002 1141 568 
2.4097701440000003 1141 571 
2.4163921650000004 1141 572 
2.423285290000001 1141 573 
2.4297876180000006 1141 574 
2.4365795510000003 1141 575 
2.4435546110000006 1141 576 
2.4504315000000005 1140 577 
2.457095055000001 1140 577 
2.463682717 1140 577 
2.4704999480000005 1140 577 
2.4774417810000005 1140 577 
2.4842216310000005 1140 577 
2.4910169630000008 1140 577 
2.4977768010000005 1140 577 
2.5044822680000003 1140 577 
2.5114765850000005 1140 577 
2.5181820520000002 1140 577 
2.5249796480000004 1140 577 
2.5316964430000004 1140 577 
2.538434382 1140 577 
2.5454294540000006 1140 577 
2.5521288790000005 1140 577 
2.5590707120000005 1141 578 
2.565613819 1141 578 
2.572436714 1141 578 
2.57935929 1143 578 
2.5861002490000002 1144 579 
2.5930058350000005 1145 579 
2.599585567 1146 580 
2.606456037 1147 580 
2.6133034740000003 1150 581 
2.620182251 1151 582 
2.6268575110000008 1153 583 
2.6334893500000005 1154 583 
2.6402631590000007 1156 584 
2.647229157000001 1159 585 
2.654056961 1161 585 
2.6608485160000006 1162 586 
2.6675483190000007 1164 586 
2.6742949420000004 1165 587 
2.6812937900000007 1168 588 
2.6881355640000004 1169 588 
2.694992063000001 1170 589 
2.7016001140000006 1171 589 
2.7083097350000003 1172 590 
2.715411284000001 1174 590 
2.722065778 1174 590 
2.7290106310000004 1175 591 
2.735568842 1175 591 
2.7425295530000007 1175 591 
2.7494109730000007 1176 591 
2.7561141750000004 1176 591 
2.7629242320000005 1176 591 
2.7695118930000007 1176 591 
2.776478269 1176 591 
2.7833060720000002 1175 591 
2.7901323650000007 1174 591 
2.797494823 1174 591 
2.804083995 1173 591 
2.810578017 1172 590 
2.8174900210000002 1170 590 
2.8244824490000005 1169 590 
2.831061804000001 1167 589 
2.8377212060000003 1166 589 
2.8448601360000003 1165 589 
2.851669438 1163 589 
2.8586120260000003 1160 588 
2.8654609740000003 1159 588 
2.872207597 1157 588 
2.878764675 1156 587 
2.8855709560000005 1154 587 
2.8925648950000005 1151 587 
2.899254881 1149 587 
2.9060460590000003 1148 587 
2.9127247180000007 1146 587 
2.919555164 1145 587 
2.9265022830000005 1142 589 
2.9333448120000005 1140 589 
2.940112957 1139 590 
2.946732336 1137 591 
2.953554853000001 1135 592 
2.9604476 1132 594 
2.967274648 1131 594 
2.97409339 1129 595 
2.980769405 1128 596 
2.9874352260000006 1128 596 
2.9945258260000003 1124 599 
3.001300768 1122 600 
3.008034931 1121 601 
3.0146618610000004 1119 602 
3.0214462420000006 1119 602 
3.028540618 1115 605 
3.0351433830000003 1114 607 
3.041985534 1113 608 
3.048637007000001 1112 610 
3.0553828750000003 1112 610 
3.0624406250000007 1109 614 
3.0691910250000003 1108 616 
3.0760294000000004 1107 617 
3.082667280000001 1107 619 
3.089460723 1107 619 
3.0964312520000004 1105 623 
3.1032288490000006 1105 625 
3.110100452 1105 626 
3.11668547 1105 628 
3.123456259 1105 628 
3.1305966990000007 1106 634 
3.137357293000001 1107 636 
3.1440340640000004 1107 639 
3.150663637 1108 641 
3.157452172 1108 641 
3.1644189250000005 1112 647 
3.1712225630000006 1113 649 
3.1780341300000003 1115 651 
3.184653131 1116 653 
3.191404286 1116 653 
3.198417481000001 1121 658 
3.2051490010000006 1123 660 
3.21194471 1125 661 
3.218601091 1127 662 
3.225309579 1127 662 
3.2324390700000007 1133 666 
3.2391815400000006 1135 667 
3.246009721 1137 668 
3.252581524 1138 668 
3.259540725000001 1140 669 
3.2663519150000004 1144 670 
3.2732182320000005 1146 670 
3.279966743 1148 671 
3.2866008470000008 1150 671 
3.2935902550000007 1152 671 
3.3001590370000002 1154 672 
3.307271537 1158 672 
3.313955482000001 1160 672 
3.3207455270000006 1161 672 
3.327535194 1163 673 
3.334177983 1164 673 
3.3412315800000005 1166 673 
3.347932138 1167 673 
3.3547844840000005 1168 673 
3.361506942 1169 673 
3.3680802560000007 1169 673 
3.375079103 1169 673 
3.3817770190000003 1169 673 
3.3886595710000007 1170 673 
3.3953284130000005 1170 673 
3.4020165110000002 1170 673 
3.4088828280000003 1170 673 
3.4156906190000003 1170 673 
3.4226045110000003 1169 673 
3.429349246 1169 673 
3.4360324360000005 1169 673 
3.443040723 1168 673 
3.4499202550000003 1167 673 
3.4567265360000006 1166 673 
3.463409726 1166 674 
3.4701280300000006 1165 674 
3.47706873 1162 675 
3.4838259260000006 1161 675 
3.4906593930000005 1160 676 
3.4972968950000007 1158 677 
3.5040000970000005 1157 677 
3.511155641 1154 678 
3.517742169000001 1153 679 
3.5244861500000004 1151 679 
3.531264867000001 1150 680 
3.537925402000001 1148 680 
3.5447105390000004 1147 680 
3.551688619 1144 681 
3.558479042 1143 681 
3.5653544210000003 1141 682 
3.5718352270000002 1140 682 
3.5785591950000004 1138 682 
3.5855678600000003 1136 682 
3.5923658340000006 1134 682 
3.599209118 1133 682 
3.6058300070000007 1132 682 
3.6126529020000007 1131 682 
3.6196007760000004 1129 682 
3.6264463250000007 1128 682 
3.6331038400000004 1128 682 
3.6397794780000003 1127 682 
3.6466072810000005 1126 682 
3.6535645940000006 1125 683 
3.660377294000001 1124 684 
3.6671794220000002 1123 685 
3.673783697 1122 686 
3.6806077250000007 1122 687 
3.687561263 1120 690 
3.6942678620000002 1119 692 
3.701021282 1119 692 
3.7077237280000004 1119 692 
3.714541337000001 1117 698 
3.721509601 1116 703 
3.7283030440000005 1115 705 
3.7349854780000005 1115 705 
3.741686037 1115 705 
3.7484394560000007 1113 714 
3.7554439680000007 1112 720 
3.7623159480000004 1111 724 
3.7688953030000008 1111 724 
3.7756770410000007 1111 724 
3.782491629000001 1109 735 
3.789464046000001 1108 743 
3.796289584 1107 746 
3.8029335050000004 1107 746 
3.8097998220000004 1107 746 
3.8164241090000006 1105 758 
3.8234569380000005 1104 765 
3.8302065820000006 1103 769 
3.8368652290000007 1103 769 
3.8438893750000007 1102 777 
3.850427573 1101 781 
3.8572833180000003 1100 785 
3.8642349670000007 1100 794 
3.871066924000001 1100 794 
3.8778301610000003 1099 802 
3.8843551439999997 1099 806 
3.891926027000001 1098 810 
3.8984872580000003 1098 818 
3.905110790000001 1098 818 
3.911905744000001 1097 826 
3.9185840250000004 1097 830 
3.925323474 1097 833 
3.932227171 1097 841 
3.939195057 1097 841 
3.946214672000001 1096 849 
3.95292769 1096 852 
3.9602901490000013 1096 860 
3.966727155 1096 864 
3.9732936719999996 1096 864 
3.9802509860000006 1096 872 
3.9867552020000003 1096 876 
3.9936913709999997 1096 880 
4.000795942000001 1096 887 
4.007219355000001 1096 887 
4.014232929000001 1096 894 
4.020803977000001 1095 898 
4.027536629000001 1095 902 
4.034533967000001 1095 909 
4.041150702 1095 909 
4.048040806 1095 917 
4.054657919000001 1095 921 
4.061474017000001 1095 925 
4.068494387 1096 933 
4.075110367 1096 933 
4.082007645 1096 942 
4.088702918 1096 946 
4.095406874000001 1097 949 
4.102410253000001 1097 957 
4.109175378000001 1097 957 
4.115985435 1097 964 
4.122602170000001 1098 968 
4.129434127000001 1098 972 
4.136465446 1099 979 
4.143105214000001 1099 979 
4.150064793000001 1100 987 
4.156734012 1100 991 
4.163519904 1101 994 
4.170527436000001 1102 1001 
4.177320502 1103 1005 
4.1839787710000005 1104 1008 
4.190681217000001 1104 1011 
4.197467864000001 1105 1014 
4.204473886 1106 1019 
4.211286963 1107 1022 
4.218041138000001 1108 1025 
4.224672222 1109 1027 
4.23137278 1110 1030 
4.238338401000001 1112 1036 
4.245128446 1113 1039 
4.251903765000001 1114 1041 
4.258573362000001 1115 1044 
4.265429484000001 1116 1047 
4.272304862000001 1119 1052 
4.279189303 1120 1055 
4.285964622000001 1121 1057 
4.292518679 1122 1059 
4.299261527 1123 1061 
4.306251312 1126 1066 
4.3131995640000005 1127 1068 
4.319890305 1129 1070 
4.326756999 1130 1072 
4.333466242000001 1132 1075 
4.340246093 1133 1077 
4.3472256840000005 1136 1082 
4.354015729000001 1138 1084 
4.360897148 1139 1087 
4.367416468000001 1141 1089 
4.374306572000001 1143 1091 
4.381228771000001 1146 1095 
4.388153235 1148 1098 
4.394748070000001 1150 1100 
4.401414646 1152 1102 
4.408263972000001 1154 1104 
4.415201651000001 1158 1108 
4.421970929000001 1160 1110 
4.428654874 1163 1112 
4.43547286 1165 1114 
4.442086197000001 1168 1116 
4.448909092 1171 1118 
4.4558392200000005 1176 1123 
4.462598681 1179 1125 
4.469472549 1182 1127 
4.47599942 1184 1129 
4.482838173 1187 1131 
4.489598012000001 1187 1131 
4.496520966000001 1195 1136 
4.503345748 1198 1137 
4.509914908 1201 1138 
4.5168065230000005 1204 1139 
4.523562586 1204 1139 
4.530622602 1213 1143 
4.537380552000001 1216 1144 
4.543916108 1219 1145 
4.5507979050000005 1222 1146 
4.557605696 1222 1146 
4.564504863000001 1231 1149 
4.571323226 1234 1150 
4.578041909 1237 1151 
4.584628060000001 1240 1151 
4.591543840000001 1240 1151 
4.598452068000001 1249 1153 
4.605214549 1252 1154 
4.611875462000001 1255 1155 
4.618662109 1258 1155 
4.625584685000001 1258 1155 
4.632394742 1268 1157 
4.639253507 1271 1158 
4.645852118 1275 1158 
4.6526100690000005 1278 1159 
4.659508102000001 1278 1159 
4.666408401000001 1288 1160 
4.673256971 1291 1161 
4.679841990000001 1295 1161 
4.686769852 1298 1161 
4.693510812 1298 1161 
4.700567052000001 1307 1161 
4.707250241 1310 1161 
4.713913419 1313 1161 
4.720665329 1316 1161 
4.727673993000001 1322 1160 
4.734506705 1325 1160 
4.741305812000001 1328 1160 
4.747887433 1331 1159 
4.754702020000001 1334 1159 
4.761690673000001 1340 1158 
4.768441073000001 1343 1157 
4.775195247 1346 1157 
4.781757989 1348 1156 
4.7885435030000005 1351 1155 
4.795652604 1357 1154 
4.8022953930000005 1360 1153 
4.809071845000001 1363 1153 
4.815707459000001 1365 1152 
4.822440867 1368 1151 
4.829475585 1374 1149 
4.836118373000001 1376 1148 
4.843002814000001 1379 1147 
4.849503632 1382 1146 
4.856290656 1384 1145 
4.863270247 1389 1143 
4.870202263 1392 1142 
4.876845806000001 1394 1141 
4.883498412000001 1397 1140 
4.890371147000001 1399 1138 
4.897346585 1404 1136 
4.904132099000001 1406 1134 
4.910854557000001 1408 1133 
4.917632142000001 1411 1131 
4.924356866000001 1413 1130 
4.931126144000001 1415 1128 
4.938157086000001 1419 1125 
4.944936181 1421 1123 
4.951857247 1423 1121 
4.958413192000001 1425 1119 
4.965122812 1427 1117 
4.972701625 1431 1113 
4.979259835 1432 1111 
4.986053656 1434 1109 
4.992569955 1436 1107 
4.999332059000001 1438 1105 
5.006270493 1442 1101 
5.013305966 1443 1099 
5.0201994690000005 1445 1097 
5.026814316 1447 1095 
5.033685541 1449 1093 
5.040761416 1453 1089 
5.047474434000001 1454 1087 
5.054219925000001 1456 1085 
5.060946159000001 1458 1083 
5.067598009 1459 1081 
5.074613848000001 1463 1077 
5.081381238 1464 1076 
5.088110492000001 1466 1074 
5.094839747000001 1467 1072 
5.1015342640000005 1469 1070 
5.108695094000001 1472 1067 
5.115304278000001 1474 1065 
5.122133969000001 1475 1063 
5.128722386000001 1477 1061 
5.1355082770000005 1478 1059 
5.142514677 1481 1055 
5.149249217 1482 1053 
5.156083440000001 1483 1051 
5.162617862 1484 1049 
5.169431317 1485 1047 
5.176446401000001 1488 1044 
5.183213036000001 1489 1042 
5.189985712000001 1490 1040 
5.196592631000001 1491 1038 
5.203483490000001 1493 1036 
5.210431742 1495 1032 
5.21720102 1497 1030 
5.223982758000001 1498 1028 
5.230663682 1499 1026 
5.237398978000001 1500 1023 
5.244449932000001 1503 1019 
5.251211659 1504 1017 
5.257969232 1505 1015 
5.264665637000001 1507 1013 
5.271353735000001 1507 1013 
5.278626707 1510 1007 
5.285166415 1512 1005 
5.291944378000001 1513 1003 
5.298574706000001 1514 1001 
5.305571666 1514 1001 
5.312455351 1518 995 
5.319121550000001 1519 993 
5.325927453000001 1520 991 
5.3325498520000005 1521 989 
5.339239838 1521 989 
5.346277577000001 1524 982 
5.353023067 1525 980 
5.359892405000001 1526 978 
5.366464208000001 1527 976 
5.373288613000001 1527 976 
5.380186269 1530 972 
5.387092986 1531 968 
5.393835834 1532 966 
5.400639472000001 1533 964 
5.407304915 1533 964 
5.414283373000001 1535 959 
5.421227472000001 1536 954 
5.4279631450000005 1537 952 
5.434835503000001 1538 950 
5.441380120000001 1538 950 
5.448227180000001 1539 946 
5.455217721000001 1541 942 
5.462070067 1542 941 
5.468892584 1543 939 
5.475492706 1543 939 
5.482346185 1545 936 
5.489288018000001 1547 933 
5.496014252000001 1548 931 
5.502824686000001 1549 930 
5.509441421000001 1549 930 
5.5162677140000005 1550 926 
5.5232420190000004 1551 923 
5.530124949 1552 921 
5.536835702 1553 920 
5.543412414 1553 920 
5.550200571 1554 917 
5.557227738000001 1555 914 
5.564041948000001 1555 913 
5.570795745000001 1556 911 
5.577541613 1556 911 
5.584259163 1557 909 
5.591362978 1558 906 
5.598118663 1558 905 
5.6048860540000005 1559 903 
5.611793904 1560 902 
5.618372504000001 1560 900 
5.625486891 1561 897 
5.632224453 1562 896 
5.639242179000001 1562 895 
5.645832861 1562 893 
5.652472252 1563 892 
5.659461282 1564 889 
5.666246419000001 1564 888 
5.673070069 1565 887 
5.679793659 1565 886 
5.686518383 1566 884 
5.693438316000001 1567 882 
5.700235158000001 1567 881 
5.706972342000001 1567 880 
5.7138005220000005 1568 879 
5.720442178 1568 878 
5.727332660000001 1569 876 
5.7341955780000005 1570 875 
5.741140432000001 1570 874 
5.747839102000001 1571 873 
5.754304805000001 1571 873 
5.761402201 1573 871 
5.768249639000001 1573 870 
5.774970964 1574 869 
5.781659062 1574 869 
5.788393603 1575 868 
5.795591058 1576 866 
5.802113776 1576 866 
5.809011809 1576 865 
5.815627412 1577 865 
5.822383097 1577 864 
5.829285284 1577 864 
5.836193134000001 1578 863 
5.843069268 1578 863 
5.849669012000001 1578 863 
5.856340497000001 1578 863 
5.863059179000001 1578 863 
5.869942487 1578 862 
5.876749146000001 1578 862 
5.883614707 1578 862 
5.890300540000001 1578 861 
5.896961830000001 1578 861 
5.903962943000001 1578 860 
5.9106427340000005 1578 860 
5.917577015 1577 858 
5.924213007 1576 857 
5.931055536 1576 856 
5.938041546 1575 855 
5.944771178000001 1575 855 
5.951765117 1573 852 
5.958315398000001 1572 851 
5.965015202000001 1571 850 
5.971782592000001 1570 849 
5.978884142000001 1569 847 
5.985648134000001 1568 846 
5.992287524000001 1568 845 
5.999146289 1567 845 
6.005953325000001 1566 844 
6.0129397120000005 1565 843 
6.019573439000001 1565 842 
6.026411437000001 1564 842 
6.032986638 1564 841 
6.039872211 1563 840 
6.047195401000001 1562 839 
6.052185516000001 1562 839 
6.0573870770000005 1561 839 
6.064163152 1561 838 
6.07084181 1560 838 
6.0775835250000005 1560 838 
6.084309759000001 1560 838 
6.091481539000001 1559 838 
6.098324823 1559 838 
6.105191895 1558 838 
6.112105031 1558 838 
6.118748952 1557 838 
6.125670396000001 1556 839 
6.132447603 1555 839 
6.139271631000001 1554 840 
6.145986915000001 1554 840 
6.152675768000001 1553 841 
6.159740315 1551 842 
6.166374419000001 1550 843 
6.17322601 1549 843 
6.179932987 1548 844 
6.186684896 1547 845 
6.193610871 1545 846 
6.200496444 1543 847 
6.207074666 1542 848 
6.213866599 1540 849 
6.220554320000001 1539 850 
6.227549014 1536 851 
6.234398339000001 1534 852 
6.2411223080000005 1532 853 
6.24799089 1530 853 
6.254472073 1529 854 
6.261511700000001 1525 855 
6.268289662 1524 855 
6.2750404390000005 1522 856 
6.281787818000001 1520 857 
6.288452128 1518 857 
6.295322598000001 1516 858 
6.302192313 1512 858 
6.309033331000001 1509 859 
6.315745217000001 1507 859 
6.322417079 1505 859 
6.329228269000001 1502 859 
6.336159152 1498 859 
6.342986200000001 1496 858 
6.349690534 1493 858 
6.356403175 1491 857 
6.3631328080000005 1489 857 
6.370114286000001 1485 856 
6.376924721000001 1482 855 
6.383758188000001 1480 854 
6.3904379790000005 1478 854 
6.397140803 1476 853 
6.404238955000001 1472 851 
6.410950841000001 1470 850 
6.417729181000001 1468 849 
6.424417656 1466 848 
6.431194864000001 1465 847 
6.438211835 1462 844 
6.444992063 1460 843 
6.451916905 1459 841 
6.458417345 1458 840 
6.465236464000001 1456 839 
6.4721662140000005 1454 837 
6.478967209000001 1453 836 
6.485778022000001 1452 835 
6.492432515 1450 833 
6.499219539000001 1449 833 
6.506162505 1448 831 
6.513091123 1447 830 
6.5197762 1446 829 
6.526474493000001 1445 829 
6.533191287 1445 828 
6.540155020000001 1444 827 
6.547115354 1444 827 
6.553687157 1444 827 
6.560449639000001 1444 827 
6.567132829000001 1444 827 
6.574053517 1444 827 
6.580877167 1444 827 
6.587654374 1444 827 
6.594459900000001 1444 827 
6.601095515 1443 827 
6.608203483 1442 828 
6.614856466 1442 828 
6.621750346 1441 829 
6.628460344 1440 829 
6.635233021 1439 830 
6.642175986000001 1437 831 
6.649001524 1436 832 
6.65583046 1434 833 
6.662400375 1433 833 
6.66917796 1431 834 
6.676203994000001 1428 836 
6.683001213 1426 837 
6.68980976 1424 838 
6.696459344 1422 839 
6.703316599 1420 840 
6.710320355000001 1416 842 
6.717123616000001 1414 843 
6.72384041 1412 844 
6.730589676 1410 845 
6.737304205 1407 846 
6.744293236 1402 848 
6.751102160000001 1400 849 
6.757901645 1397 850 
6.764718876000001 1395 850 
6.77120308 1395 850 
6.777954989 1395 850 
6.784918722 1384 853 
6.791732555 1381 853 
6.7985777270000005 1378 854 
6.805118568 1378 854 
6.8120441650000005 1378 854 
6.818936912000001 1367 855 
6.825755654000001 1364 855 
6.832456212000001 1361 855 
6.839133360000001 1361 855 
6.8461242790000005 1356 854 
6.852951704 1350 853 
6.859727024000001 1348 852 
6.866532927000001 1345 851 
6.873278418000001 1345 851 
6.880112640000001 1339 849 
6.886671606000001 1336 848 
6.893681025 1330 846 
6.900430669000001 1328 844 
6.907135759 1328 844 
6.914086654000001 1322 841 
6.92074379 1319 840 
6.927633139 1314 836 
6.934379007000001 1312 834 
6.941035766 1312 834 
6.947893776 1307 830 
6.95450296 1304 828 
6.961468958 1300 824 
6.968320171000001 1297 822 
6.974922558 1297 822 
6.981939152 1293 818 
6.988509823 1291 816 
6.99562421 1287 811 
7.002315706 1285 809 
7.009021929 1285 809 
7.015813106 1282 804 
7.022510644 1280 801 
7.029659014000001 1277 796 
7.036273861000001 1275 793 
7.042926467 1275 793 
7.049683285000001 1272 788 
7.056445389000001 1271 785 
7.0635156 1269 779 
7.070210494 1268 776 
7.076988834000001 1268 776 
7.083577251 1266 770 
7.0903465290000005 1266 768 
7.0972860970000005 1265 762 
7.104118808 1264 759 
7.110777078000001 1264 759 
7.117593931000001 1264 752 
7.124535764 1263 749 
7.131285785 1263 742 
7.138207984 1263 739 
7.144769592 1263 739 
7.151539626000001 1263 732 
7.158316078000001 1263 729 
7.165294159000001 1263 722 
7.172792546000001 1264 719 
7.179108727 1264 719 
7.1858961290000005 1265 713 
7.192564593000001 1266 710 
7.199658591000001 1268 705 
7.206365946000001 1269 702 
7.213186575000001 1270 699 
7.220084986000001 1272 696 
7.226887491 1273 694 
7.233978469000001 1276 688 
7.240898024000001 1278 686 
7.247462276000001 1280 683 
7.254019353000001 1282 681 
7.260837717 1283 679 
7.267774264000001 1287 675 
7.274638693000001 1290 673 
7.281480089000001 1292 671 
7.287972977 1294 670 
7.2948015360000005 1296 668 
7.301733929 1302 665 
7.308493768000001 1304 664 
7.315332898 1307 662 
7.321909233 1310 661 
7.328735148000001 1313 660 
7.335458361 1315 659 
7.342597669000001 1321 657 
7.349340517000001 1324 656 
7.356161523 1327 656 
7.362744276 1331 655 
7.36950638 1334 655 
7.376498054 1340 654 
7.383276394 1343 654 
7.390117790000001 1347 654 
7.396631446 1350 654 
7.403512866000001 1353 654 
7.410368233000001 1360 654 
7.417086160000001 1363 655 
7.423952854 1366 655 
7.430471418000001 1369 656 
7.437316968 1373 657 
7.444326387000001 1379 660 
7.451141353 1382 661 
7.457879669000001 1385 663 
7.464459402 1388 664 
7.471216597000001 1391 666 
7.478290961 1397 670 
7.485061372 1400 672 
7.491857459000001 1403 674 
7.498564058 1406 676 
7.505297844 1408 678 
7.512451122000001 1414 684 
7.519147905 1416 686 
7.525885844 1419 689 
7.532572432000001 1421 693 
7.539333403 1424 696 
7.546412298000001 1429 703 
7.553136644000001 1431 706 
7.559995031000001 1433 710 
7.566597796000001 1435 714 
7.573414649000001 1436 718 
7.580413497000001 1440 725 
7.587059684000001 1440 725 
7.593810460000001 1440 725 
7.600561992 1443 737 
7.607352037000001 1444 741 
7.614324454000001 1446 748 
7.62095516 1446 748 
7.627768615 1446 748 
7.63453525 1447 759 
7.641346062000001 1447 763 
7.648289406000001 1447 769 
7.6550062 1447 769 
7.661745272 1447 769 
7.66853645 1446 779 
7.675292890000001 1446 782 
7.682192056000001 1445 788 
7.688872225 1445 788 
7.695638105 1445 788 
7.702622982 1443 797 
7.709391505 1443 800 
7.716444724 1441 805 
7.72304107 1441 805 
7.730035387 1439 809 
7.736592465 1438 811 
7.743368539000001 1437 813 
7.750355682000001 1435 817 
7.7569863880000005 1435 817 
7.764047159000001 1433 821 
7.77053174 1432 822 
7.777307437 1431 824 
7.784275701000001 1429 827 
7.790925286000001 1429 827 
7.797810481 1427 830 
7.804611854 1426 832 
7.811389061000001 1425 833 
7.818011838000001 1424 834 
7.824920821 1424 835 
7.831795822000001 1423 836 
7.838566611 1422 837 
7.845208266000001 1422 837 
7.851936011 1421 837 
7.858882374000001 1421 838 
7.865704514 1421 838 
7.872444718 1421 838 
7.879048238 1421 838 
7.8858824610000005 1421 838 
7.892899055 1421 838 
7.899579223000001 1421 838 
7.9064338350000005 1421 838 
7.913231432000001 1421 838 
7.919876108000001 1421 838 
7.9266669080000005 1421 838 
7.933575892000001 1421 838 
7.940371978000001 1421 838 
7.947308147 1422 838 
7.954025319 1422 837 
7.960924108000001 1422 837 
7.967849705 1424 836 
7.974583868000001 1424 835 
7.9814128040000005 1425 834 
7.987986872 1426 834 
7.994828269 1426 833 
8.001717995 1428 831 
8.008505020000001 1429 831 
8.015383041 1430 830 
8.022006951000002 1431 829 
8.028889503000002 1432 828 
8.035886085000001 1433 827 
8.042506974000002 1434 826 
8.049355544 1435 825 
8.055986628 1436 824 
8.062963576000001 1436 824 
8.069803839000002 1438 822 
8.076665625 1439 821 
8.083261970999999 1439 821 
8.090061078000002 1440 820 
8.097096173 1441 820 
8.103833734000002 1441 819 
8.110615095 1442 819 
8.117331512 1442 819 
8.124141947000002 1442 819 
8.131094729 1443 820 
8.137893836 1443 820 
8.144653297000001 1444 820 
8.151344416 1444 821 
8.158083865000002 1445 822 
8.165083846000002 1446 824 
8.171962245 1446 825 
8.178575205000001 1447 826 
8.185450961 1448 828 
8.192040131999999 1449 829 
8.198758815000001 1450 831 
8.205748977999999 1452 834 
8.212585088 1454 835 
8.219203334 1455 837 
8.225993756000001 1456 838 
8.233132687000001 1459 841 
8.239917068 1461 842 
8.246679172 1463 844 
8.253503577 1464 845 
8.260139192 1466 846 
8.266902806000001 1468 847 
8.273853701 1471 849 
8.280720772999999 1473 849 
8.28742926 1475 850 
8.294683353 1477 851 
8.301226459999999 1479 851 
8.308146393000001 1482 851 
8.314855636 1484 851 
8.321697409000002 1486 851 
8.328393436999999 1488 851 
8.335117027999999 1490 851 
8.342248029 1490 851 
8.349184953000002 1496 850 
8.356041829999999 1498 849 
8.362841692 1500 849 
8.369419914000002 1502 848 
8.376392331000002 1502 848 
8.383266577 1509 846 
8.390097401000002 1511 846 
8.396712248 1514 845 
8.403534766 1516 844 
8.410306687000002 1516 844 
8.417192638 1522 842 
8.424009868999999 1524 841 
8.430744408999999 1526 840 
8.437434018000001 1528 839 
8.444304488 1528 839 
8.451377341 1534 837 
8.458105841000002 1536 836 
8.464611945000001 1538 835 
8.471475995999999 1540 833 
8.478369876000002 1540 833 
8.485228640999999 1545 830 
8.492080232 1547 828 
8.498705651000002 1548 827 
8.505410741000002 1550 825 
8.512370319999999 1550 825 
8.519187551000002 1554 821 
8.526029325 1556 820 
8.532656255 1557 818 
8.539412317 1559 817 
8.546369631000001 1559 817 
8.553269552 1563 812 
8.560136246999999 1564 811 
8.566762799 1566 809 
8.573535853 1567 808 
8.58056453 1570 804 
8.587317572 1571 802 
8.594154059000001 1572 801 
8.600747385000002 1574 799 
8.607504958 1575 797 
8.614489080000002 1577 793 
8.621159054 1578 791 
8.627947211000002 1579 789 
8.634537137999999 1581 787 
8.641309060000001 1582 785 
8.648282608999999 1584 781 
8.655161763999999 1586 778 
8.66178454 1587 776 
8.668400143 1588 774 
8.675193964000002 1590 772 
8.682129755000002 1592 767 
8.688997581999999 1593 765 
8.695693232 1593 763 
8.702461376999999 1594 760 
8.709121157000002 1595 758 
8.716177019 1595 755 
8.72293497 1596 751 
8.729654407000002 1596 748 
8.736438411000002 1597 746 
8.743072515000001 1597 744 
8.750048331000002 1597 741 
8.756920688000001 1597 737 
8.763776055000001 1597 735 
8.770452826 1597 732 
8.777102788 1598 730 
8.783883772 1598 728 
8.790872801999999 1598 723 
8.797660204 1598 721 
8.804455913000002 1598 719 
8.811130041000002 1597 717 
8.817927260000001 1597 716 
8.824919689000001 1597 713 
8.831548506 1597 711 
8.838379330000002 1596 710 
8.845175417 1596 709 
8.851755904000001 1596 708 
8.858674705000002 1596 707 
8.86550213 1596 706 
8.872449627000002 1595 705 
8.879093171000001 1595 705 
8.885666862 1595 704 
8.892465214000001 1595 704 
8.899439141000002 1594 703 
8.90618803 1594 703 
8.912938806 1594 703 
8.919621241000002 1593 702 
8.926380324 1593 702 
8.933311585000002 1592 702 
8.940148449999999 1591 701 
8.946881102999999 1590 701 
8.953737602 1589 701 
8.960343388000002 1588 701 
8.967566140999999 1586 701 
8.974193449000001 1585 701 
8.981065051000002 1583 701 
8.987627037 1581 701 
8.994397071000002 1580 701 
9.001465393 1576 701 
9.008145185 1574 701 
9.015070781999999 1571 701 
9.02159652 1569 701 
9.028299721 1567 701 
9.035411843000002 1562 702 
9.042093900000001 1560 702 
9.048959084 1557 702 
9.055546368000002 1555 702 
9.062408530999999 1553 703 
9.069245396 1548 703 
9.076067913 1545 704 
9.082879103 1543 704 
9.089492063000002 1540 705 
9.096280597 1537 705 
9.103257167999999 1532 707 
9.110110269 1529 707 
9.116900692000002 1527 708 
9.123473628 1527 708 
9.130273112000001 1527 708 
9.137293482 1517 711 
9.144135256000002 1514 712 
9.150947578 1512 713 
9.157623594 1512 713 
9.164557497 1507 716 
9.171487248000002 1502 717 
9.178211594 1499 718 
9.184937072 1496 719 
9.191540970000002 1496 719 
9.198485823000002 1491 721 
9.205334394000001 1486 722 
9.212129347000001 1483 722 
9.218874083 1481 723 
9.225423986 1481 723 
9.232343541999999 1475 723 
9.239115085000002 1470 723 
9.245897956 1467 723 
9.252746149 1465 723 
9.259436135000001 1465 723 
9.26635267 1460 722 
9.273180096 1456 721 
9.280093610000002 1453 720 
9.286662393 1451 719 
9.293328591000002 1451 719 
9.300282129 1447 717 
9.306856575000001 1446 716 
9.313982668000001 1443 715 
9.320721362 1441 714 
9.32736264 1441 714 
9.334231598999999 1440 712 
9.340814351999999 1439 712 
9.347947241 1438 711 
9.354560201000002 1438 711 
9.361330612 1438 711 
9.368109707000002 1438 710 
9.375045498999999 1438 710 
9.381888783 1438 709 
9.388497211 1438 709 
9.395280082 1438 709 
9.402127897 1441 708 
9.408761624 1442 707 
9.417175269000001 1445 707 
9.422715142000001 1445 707 
9.429432314 1445 707 
9.436195929 1450 706 
9.442864393 1452 706 
9.449601199 1454 706 
9.456782795999999 1456 706 
9.463629100000002 1456 706 
9.470425187 1464 706 
9.477331905 1466 707 
9.484161218 1471 707 
9.490730001 1471 707 
9.497583857000002 1471 707 
9.504458481 1480 707 
9.511196042000002 1483 707 
9.51813863 1488 708 
9.524820308999999 1488 708 
9.531856914999999 1494 708 
9.538395113 1497 708 
9.545187802000001 1500 709 
9.552161729000002 1506 709 
9.558799231000002 1506 709 
9.565745595 1512 710 
9.572338165000001 1515 710 
9.579214676 1518 710 
9.586093075 1523 711 
9.592785705 1523 711 
9.599790971000001 1529 711 
9.606347671000002 1531 711 
9.613150554 1533 711 
9.620095407 1538 711 
9.626753299 1538 711 
9.633706082 1543 710 
9.640438735 1545 710 
9.647089829999999 1547 710 
9.654068288000001 1551 709 
9.660712586999999 1551 709 
9.667688402 1554 708 
9.674337987000001 1556 707 
9.681095182 1558 706 
9.688189936 1561 705 
9.694888984000002 1561 705 
9.701843654000001 1563 703 
9.708452083000001 1565 702 
9.715310470000002 1566 701 
9.722205859999999 1568 698 
9.728919257000001 1568 698 
9.735807473000001 1570 696 
9.742490284999999 1571 695 
9.749219162 1572 694 
9.75591821 1572 693 
9.762786792 1573 691 
9.769664058 1575 689 
9.77644995 1576 688 
9.783084054 1576 686 
9.789871079000001 1577 685 
9.796788369000001 1577 684 
9.803599558000002 1579 681 
9.810396400000002 1579 680 
9.817017666000002 1579 678 
9.823759381000002 1580 677 
9.830634759999999 1580 675 
9.837564132 1580 673 
9.844431582000002 1580 671 
9.850963361000002 1580 670 
9.857783612999999 1580 669 
9.864594425 1580 667 
9.871521910000002 1579 664 
9.878275329000001 1579 663 
9.884994012 1578 661 
9.891798782000002 1578 659 
9.898470267 1577 658 
9.905489504000002 1575 654 
9.912203654999999 1574 653 
9.918961984 1572 651 
9.925602129000001 1571 649 
9.932319678999999 1569 648 
9.939339293 1566 645 
9.946067793000001 1564 643 
9.952931465999999 1562 642 
9.959465511000001 1560 640 
9.966209491 1558 639 
9.973231371 1553 635 
9.980008579 1551 634 
9.986854506 1549 632 
9.993409318000001 1546 631 
10.000194077 1544 629 
10.007105703 1539 627 
10.014002225999999 1536 626 
10.020723552 1534 625 
10.027387862000001 1531 624 
10.034110698 1529 623 
10.041071787 1524 622 
10.047978882999999 1521 621 
10.054696432 1519 621 
10.061424554000002 1516 620 
10.068107366 1514 620 
10.075063169 1509 620 
10.081924955000002 1507 619 
10.088634953 1504 619 
10.095286426000001 1502 619 
10.102067409 1499 619 
10.108979413 1499 619 
10.115926154 1492 618 
10.122616896 1489 618 
10.129317831000002 1487 618 
10.135992337000001 1485 618 
10.142889615000001 1485 618 
10.149883553999999 1477 619 
10.156669068 1475 619 
10.163452317 1472 619 
10.170181571 1470 619 
10.176889304 1470 619 
10.183853036000002 1462 619 
10.190620049 1459 619 
10.197351192 1456 619 
10.204122358 1454 618 
10.210777229000001 1454 618 
10.217917292 1445 617 
10.224595573000002 1442 617 
10.231409028000002 1440 617 
10.238027274 1437 617 
10.244888304 1437 617 
10.251932460999999 1428 617 
10.258526542000002 1425 616 
10.26551444 1422 616 
10.272054526000002 1419 616 
10.278814742000002 1419 616 
10.285838888 1410 615 
10.292563234 1408 614 
10.299204134 1405 614 
10.305927347 1402 613 
10.312747599000001 1402 613 
10.319638081 1393 612 
10.326523276 1390 611 
10.333248378 1387 610 
10.339878328000001 1384 610 
10.34664081 1384 610 
10.353622289 1375 607 
10.360456510999999 1372 606 
10.367161978000002 1369 605 
10.373939563 1366 603 
10.380588393 1366 603 
10.387608385 1356 600 
10.394425992999999 1353 598 
10.401157136000002 1350 597 
10.407790861999999 1347 596 
10.414535598 1347 596 
10.421664332999999 1338 592 
10.428326001000002 1335 590 
10.435185521000001 1332 589 
10.441860026 1329 587 
10.448713127000001 1326 586 
10.455367621 1323 584 
10.462357406999999 1318 580 
10.469204466 1315 578 
10.475869155000002 1312 575 
10.482798905 1309 573 
10.489365799000002 1306 571 
10.496302724 1300 566 
10.503019896000001 1297 563 
10.509835994 1294 561 
10.516660021 1291 558 
10.523210301999999 1288 556 
10.530274094 1282 550 
10.537309945 1279 547 
10.544044863 1276 545 
10.550900985000002 1273 542 
10.557418794 1270 539 
10.564461440999999 1265 532 
10.571172571000002 1263 529 
10.578258263000002 1261 526 
10.584995824 1259 523 
10.592465893 1255 518 
10.599027124 1253 515 
10.605550974 1252 512 
10.612226612 1250 509 
10.619015146999999 1249 507 
10.625920355000002 1247 504 
10.632951674000001 1245 499 
10.639655631 1244 496 
10.646393947 1243 493 
10.653103567999999 1243 490 
10.660111477000001 1241 483 
10.666949475 1240 480 
10.673750848000001 1240 477 
10.680320385000002 1239 474 
10.687140636999999 1239 470 
10.694062458000001 1238 464 
10.700955582999999 1238 461 
10.707626312000002 1238 458 
10.714326871 1238 455 
10.72109124 1238 451 
10.728038359 1239 445 
10.734951118000001 1239 442 
10.741659605999999 1239 439 
10.748411893 1240 436 
10.755136617000002 1241 433 
10.762152078 1242 428 
10.769001403 1243 425 
10.775687991000002 1244 422 
10.782544113 1245 420 
10.789178217 1247 418 
10.79603887 1248 415 
10.802985611 1251 411 
10.809806995999999 1252 408 
10.816537761 1254 406 
10.823146944000001 1255 403 
10.830009107000002 1257 401 
10.836950940000001 1260 396 
10.84380895 1262 394 
10.850485721000002 1264 391 
10.857116804 1266 389 
10.863925728000002 1267 386 
10.870927219000002 1271 381 
10.877646656 1273 379 
10.884425752000002 1275 377 
10.891199183000001 1275 377 
10.897865381999999 1275 377 
10.904661468 1282 371 
10.911664469000002 1287 367 
10.918446963000001 1289 366 
10.925100701000002 1289 366 
10.931935678000002 1289 366 
10.938855234000002 1297 360 
10.945760441000001 1303 357 
10.952602593000002 1306 356 
10.959223859000002 1306 356 
10.966166069 1312 353 
10.973057306000001 1318 351 
10.979781652 1321 350 
10.986578494 1324 349 
10.993205424 1324 349 
11.000158962 1331 347 
11.006663178 1334 347 
11.013734521 1341 346 
11.020471705000002 1345 346 
11.027134505 1345 346 
11.034015925000002 1352 345 
11.040560164999999 1356 345 
11.047661714 1363 345 
11.054321116 1366 345 
11.061033380000001 1366 345 
11.067918575 1374 346 
11.074504727 1377 347 
11.081541332 1385 349 
11.088347614 1388 350 
11.094992667 1388 350 
11.101920152000002 1395 352 
11.108622221000001 1398 353 
11.115653163000001 1404 356 
11.12232578 1407 358 
11.128987448 1407 358 
11.135749552 1413 360 
11.142587927000001 1416 362 
11.149643412 1422 365 
11.156367380999999 1425 367 
11.163024517 1425 367 
11.169926704000002 1431 371 
11.176649162 1434 373 
11.183580045 1439 377 
11.190331199 1442 379 
11.197004949 1442 379 
11.203835395999999 1446 384 
11.210535577000002 1449 387 
11.217601256000002 1453 392 
11.224296151 1455 394 
11.230979340000001 1455 394 
11.237735026 1459 399 
11.244459749 1461 401 
11.251425746999999 1465 405 
11.25819276 1466 407 
11.264966191 1466 407 
11.271650136000002 1469 411 
11.278383167000001 1471 413 
11.285378616 1474 417 
11.29220944 1475 419 
11.298794081 1475 419 
11.305643784 1477 422 
11.312482915 1478 424 
11.319356405 1480 426 
11.326126439 1481 428 
11.333009746000002 1481 429 
11.339639696999999 1482 430 
11.346348940000002 1482 431 
11.353231870000002 1483 432 
11.360273384 1483 433 
11.366947889000002 1483 434 
11.373672613 1483 434 
11.380338811000001 1483 434 
11.38702691 1484 434 
11.394116377 1483 435 
11.400746705 1483 435 
11.407589989000002 1483 435 
11.414231267000002 1483 435 
11.421040191 1482 435 
11.428049610999999 1481 435 
11.434840412 1480 434 
11.441509630999999 1480 434 
11.44823662 1480 434 
11.455061025 1478 433 
11.462123305999999 1476 433 
11.468997929 1475 432 
11.475534240000002 1475 432 
11.482300875 1475 432 
11.48904259 1472 432 
11.496076552000002 1469 431 
11.502857536 1467 431 
11.509516938 1467 431 
11.516715148 1464 431 
11.523052851 1462 431 
11.530159687000001 1458 431 
11.536863266000001 1456 431 
11.543552874 1456 431 
11.550508678 1452 431 
11.557037058999999 1450 431 
11.564080838999999 1446 432 
11.570790837 1444 432 
11.577552563000001 1444 432 
11.584370172 1439 433 
11.590948394000002 1437 433 
11.597730131999999 1435 433 
11.604667056 1430 434 
11.611769739 1430 434 
11.616759854000001 1430 434 
11.622192494 1423 435 
11.628860203000002 1420 436 
11.635438802 1418 436 
11.642216387000001 1415 436 
11.649174456 1415 436 
11.65635039 1408 438 
11.663160824000002 1406 439 
11.669772650999999 1403 439 
11.676734873000001 1403 439 
11.683750333999999 1397 441 
11.690339129000002 1395 441 
11.697176371000001 1393 442 
11.703885992 1391 442 
11.710521984 1391 442 
11.717677905000002 1385 444 
11.724235360000002 1382 445 
11.731001618 1380 445 
11.737618353000002 1378 446 
11.744354026 1378 446 
11.751494845 1373 448 
11.758128949 1371 449 
11.764998286 1369 450 
11.771568956 1367 451 
11.778351072 1367 451 
11.785425814 1362 454 
11.792155445999999 1360 455 
11.798933786 1359 456 
11.805560338 1357 458 
11.812388897000002 1357 458 
11.819345833 1354 460 
11.826336751 1351 462 
11.833131327 1350 463 
11.839816405 1348 465 
11.846358379000002 1348 465 
11.853136341999999 1345 467 
11.860208440000001 1341 469 
11.866989046 1339 470 
11.873813828 1338 472 
11.880340698999998 1338 472 
11.887081281 1334 474 
11.894117509 1331 476 
11.900744439 1330 477 
11.907710437999999 1328 478 
11.914240707000001 1328 478 
11.921107023000001 1325 480 
11.928037529000001 1322 482 
11.934764895 1321 483 
11.941645938 1320 484 
11.948286837999998 1320 484 
11.955008162999999 1317 486 
11.961781594999998 1316 487 
11.968939404 1314 488 
11.975499501999998 1313 489 
11.982146822 1313 489 
11.988932336000001 1312 490 
11.995765803000001 1312 491 
12.002785795000001 1311 491 
12.009546389 1311 491 
12.016488976999998 1311 491 
12.023103447 1310 491 
12.030027156 1310 492 
12.036805496 1310 492 
12.043635187 1309 492 
12.050268536 1309 492 
12.056980044 1309 492 
12.06401816 1308 491 
12.070790459000001 1307 490 
12.077627702000001 1307 490 
12.084235752999998 1306 489 
12.090977845000001 1305 488 
12.097790544999999 1305 486 
12.104685558 1303 483 
12.111446152 1303 481 
12.118340408999998 1302 479 
12.125014915000001 1301 478 
12.131666764999999 1300 476 
12.138711678 1299 473 
12.145431493 1298 471 
12.152225690999998 1298 470 
12.158864703999999 1297 468 
12.165712141 1296 467 
12.172778198 1296 466 
12.179464030999998 1295 466 
12.186334879 1295 465 
12.192902528000001 1295 465 
12.200055051 1295 465 
12.206732577 1295 466 
12.213384049999998 1295 466 
12.220253764999999 1296 467 
12.226862570999998 1296 467 
12.234100049999999 1297 470 
12.240696396 1298 471 
12.247535149 1298 472 
12.254271955 1299 474 
12.260880006 1299 474 
12.268085767999999 1302 479 
12.274616037999998 1304 480 
12.281435534 1305 482 
12.288089272 1306 484 
12.294799647999998 1306 484 
12.301650106 1309 487 
12.308475643999998 1313 490 
12.3152234 1314 492 
12.322044784 1316 493 
12.328729484 1316 493 
12.335554643999998 1319 497 
12.342422094 1322 499 
12.349208740999998 1323 501 
12.356021817999999 1325 502 
12.362629114 1325 502 
12.369574723 1327 504 
12.376530903999999 1329 505 
12.383255627 1329 505 
12.390080032 1330 506 
12.396677511 1330 506 
12.403513999000001 1330 506 
12.410327454 1330 506 
12.41732026 1330 505 
12.424151462000001 1330 504 
12.430729684 1330 504 
12.437523504999998 1328 502 
12.444300712 1328 501 
12.451324858 1326 498 
12.458008047 1325 497 
12.464659141999999 1325 497 
12.471360456 1322 493 
12.478165226999998 1321 492 
12.485267909000001 1318 488 
12.49196658 1317 487 
12.498643728000001 1317 487 
12.505305395 1315 483 
12.512060326 1314 482 
12.518932683 1313 481 
12.525854882 1311 479 
12.532543735 1311 479 
12.539320187999998 1310 477 
12.546086068000001 1310 477 
12.553081516999999 1310 476 
12.559807372999998 1310 476 
12.566569476999998 1310 476 
12.573390106999998 1310 476 
12.58014768 1311 475 
12.587095931 1312 475 
12.593853504999998 1312 475 
12.600854994999999 1314 474 
12.607415848999999 1315 473 
12.614150388999999 1316 473 
12.621074476 1319 472 
12.627766727000001 1319 472 
12.634717622 1322 470 
12.641375514 1324 470 
12.648110809999999 1325 469 
12.655106637 1329 467 
12.661755089 1329 467 
12.66868937 1333 465 
12.675345373999999 1335 464 
12.682118427999999 1337 463 
12.689167494 1342 461 
12.695809905 1342 461 
12.70296205 1347 458 
12.709409251 1349 457 
12.716161916 1351 456 
12.723136598 1356 453 
12.729886242 1356 453 
12.734876357000001 1362 452 
12.740653728999998 1364 450 
12.747409415 1367 450 
12.754042007999999 1370 449 
12.760648548999999 1373 448 
12.767741414 1376 447 
12.774447635999998 1382 445 
12.781507651999998 1385 444 
12.788306003999999 1388 443 
12.794932933999998 1391 442 
12.801988419 1394 441 
12.808730889 1400 440 
12.815471847999998 1403 439 
12.822213185999999 1406 438 
12.828838227999999 1409 438 
12.835820083999998 1412 437 
12.84281138 1418 436 
12.849420186 1421 435 
12.856133960000001 1425 434 
12.862866612999998 1428 434 
12.869786546 1431 433 
12.876551292999999 1435 433 
12.883463296999999 1441 431 
12.890339431000001 1445 431 
12.897016956999998 1448 431 
12.903653326 1452 430 
12.910373896 1455 430 
12.917407480999998 1462 430 
12.924149951 1466 430 
12.930972091000001 1470 430 
12.937929027 1473 430 
12.944689243 1477 429 
12.95168658 1484 429 
12.958390537 1487 429 
12.96519493 1491 429 
12.971756160999998 1494 429 
12.978565839999998 1498 428 
12.985634163 1505 428 
12.992287145999999 1508 428 
12.999182913999999 1511 428 
13.005810222000001 1515 428 
13.012608951 1518 428 
13.019582123 1525 427 
13.026328368999998 1528 428 
13.033056491 1531 428 
13.039737415000001 1534 428 
13.046528592999998 1537 428 
13.053534992 1543 429 
13.060268021999999 1546 429 
13.067091672 1549 429 
13.073720867999999 1552 430 
13.080564152 1555 431 
13.087574326999999 1561 433 
13.094427051 1563 434 
13.101161591 1566 435 
13.107928982 1568 437 
13.114620855999998 1570 438 
13.121630275000001 1575 441 
13.128388225999998 1577 443 
13.135153351 1579 445 
13.141825591 1580 447 
13.148581275999998 1582 449 
13.155544252999999 1585 453 
13.162261803 1587 455 
13.169079034 1588 457 
13.175687461999999 1590 459 
13.182447679 1591 461 
13.189401217 1593 465 
13.196164452999998 1594 467 
13.203029637 1595 470 
13.209577275000001 1595 470 
13.216396016000001 1595 470 
13.223314816999999 1598 480 
13.230105617 1598 482 
13.236930399999999 1598 485 
13.243518816999998 1598 485 
13.250357192 1598 485 
13.257408522999999 1598 494 
13.264236703999998 1598 496 
13.271019575 1598 498 
13.277647638000001 1598 498 
13.284732574 1597 503 
13.291417274 1596 507 
13.298206942 1595 509 
13.304941483 1594 512 
13.311703587 1594 512 
13.318532522999998 1593 516 
13.325220243 1592 518 
13.332166606999998 1591 523 
13.339037831999999 1590 525 
13.345632290000001 1590 525 
13.352505780999998 1588 529 
13.359210492999999 1587 531 
13.366181777000001 1585 534 
13.373015244000001 1583 536 
13.379588935000001 1583 536 
13.386414850000001 1581 539 
13.393104081 1580 540 
13.400108969999998 1577 543 
13.406987746999999 1576 545 
13.413573898 1576 545 
13.420567081999998 1574 548 
13.427104903 1573 549 
13.434149437999999 1571 552 
13.440933818999998 1570 553 
13.447620784999998 1570 553 
13.454447078000001 1568 555 
13.461147636 1567 556 
13.468153657999999 1566 559 
13.474807018 1565 559 
13.481571387999999 1565 559 
13.488283651 1564 562 
13.495062369 1564 563 
13.501809747 1564 564 
13.50879689 1564 567 
13.515528409999998 1564 567 
13.522282962999999 1564 570 
13.528958601 1564 572 
13.535743359999998 1565 574 
13.542738809 1566 577 
13.549395567999998 1566 577 
13.556144834000001 1567 580 
13.562959045 1568 582 
13.569710575999999 1569 584 
13.576695076 1571 587 
13.583310301000001 1571 587 
13.590193986 1572 591 
13.59687491 1573 593 
13.603629084999998 1573 595 
13.610678906 1574 598 
13.617277139999999 1574 598 
13.624186124000001 1575 600 
13.631012794 1575 601 
13.638100751 1574 604 
13.644714466 1574 605 
13.651592486999998 1574 606 
13.658226969000001 1573 607 
13.665075917 1572 608 
13.672084204 1571 610 
13.678994320000001 1570 611 
13.685694123000001 1569 612 
13.692412428 1568 613 
13.699083911999999 1567 614 
13.706068034000001 1564 616 
13.712923779 1563 617 
13.719626224999999 1562 618 
13.726338488 1560 619 
13.733210468 1559 619 
13.740140219 1556 621 
13.746999739 1555 621 
13.753738809999998 1553 622 
13.760374424999998 1552 623 
13.767206003999998 1551 623 
13.774137642 1548 624 
13.781067392 1547 625 
13.787777013 1546 625 
13.794704496999998 1545 626 
13.801248736999998 1545 626 
13.807971573 1544 626 
13.815312887000001 1542 627 
13.822078388999998 1542 628 
13.828877496 1541 628 
13.835326207999998 1541 628 
13.842245763000001 1541 628 
13.849053555000001 1540 629 
13.855837936 1540 629 
13.862927403 1540 629 
13.86979221 1539 629 
13.8764097 1539 629 
13.883484819 1539 630 
13.890200481 1539 630 
13.896842891999999 1539 630 
13.903819839 1539 630 
13.910470935 1539 630 
13.9174358 1539 630 
13.924180913 1539 630 
13.930905259 1539 630 
13.937702855999998 1539 630 
13.944491013 1539 630 
13.951356573999998 1539 630 
13.958037875999999 1539 630 
13.964847554999999 1539 630 
13.971743322999998 1539 630 
13.978462761 1539 630 
13.985415921000001 1539 630 
13.992108550000001 1539 630 
13.998880848999999 1539 630 
14.005562905999998 1539 630 
14.012357859999998 1539 630 
14.019147149999998 1539 630 
14.025933419000001 1539 630 
14.032782367 1539 630 
14.039497650999998 1539 630 
14.046324321 1539 630 
14.0530936 1539 630 
14.059955008 1539 630 
14.066768839999998 1539 630 
14.073562661 1539 630 
14.080465226000001 1539 630 
14.087132557 1539 630 
14.094089115 1539 630 
14.100802511000001 1539 630 
14.107623141000001 1539 630 
14.114425267999998 1539 630 
14.121236457999998 1539 630 
14.128012909999999 1539 630 
14.1349302 1539 630 
14.141713449000001 1539 630 
14.148400415000001 1539 630 
14.155150058 1539 630 
14.161906499 1539 630 
14.168712402 1539 630 
14.175511886999999 1539 630 
14.182361967999999 1539 630 
14.189145216 1539 630 
14.195906943 1539 630 
14.202746451 1539 630 
14.209494206999999 1539 630 
14.216326919 1539 630 
14.223106013999999 1539 630 
14.229871893999999 1539 630 
14.236720086999998 1539 630 
14.2434433 1539 630 
14.2504059 1539 630 
14.257055862999998 1539 630 
14.263890085 1539 630 
14.270659363 1539 630 
14.277464510999998 1539 630 
14.284327051999998 1539 630 
14.291094819999998 1539 630 
14.297914694 1539 630 
14.30463753 1539 630 
14.311444188 1539 630 
14.318287471999998 1539 630 
14.325009553000001 1539 630 
14.331784872 1539 630 
14.338602480999999 1539 630 
14.345435193 1539 630 
14.352218440999998 1539 630 
14.359058327 1539 630 
14.365861587999998 1539 630 
14.372602924999999 1539 630 
14.379431861 1539 630 
14.386223417 1539 630 
14.393159586 1539 630 
14.399898279999999 1539 630 
14.406721174000001 1539 630 
14.413530475999998 1539 630 
14.420223104999998 1539 630 
14.427107168 1539 630 
14.433901744 1539 630 
14.440646101999999 1539 630 
14.447456537 1539 630 
14.454390440000001 1539 630 
14.461065323 1539 630 
14.467917668999998 1539 630 
14.474714888000001 1539 630 
14.481489830000001 1539 630 
14.488265527 1539 630 
14.495085779 1539 630 
14.502027612 1539 630 
14.508706648 1539 630 
14.515674911999998 1539 630 
14.522370938999998 1539 630 
14.529205915999999 1539 630 
14.535911761000001 1539 630 
14.542706336999998 1539 630 
14.549507332000001 1539 630 
14.556304174000001 1539 630 
14.563212401999998 1539 630 
14.569890683 1539 630 
14.576682992999999 1539 630 
14.58349003 1539 630 
14.590242694 1539 630 
14.597089377 1539 630 
14.603835244999999 1539 630 
14.61070647 1539 630 
14.617470462 1539 630 
14.624255976 1539 630 
14.631033938999998 1539 630 
14.637885907000001 1539 630 
14.644678594999998 1539 630 
14.651590976999998 1539 630 
14.658347416999998 1539 630 
14.665157474 1539 630 
14.672020393 1539 630 
14.678789293000001 1539 630 
14.685640129 1539 630 
14.692310103 1539 630 
14.699123936 1539 630 
14.705877355999998 1539 630 
14.712654563000001 1539 630 
14.719382307 1539 630 
14.726140258000001 1539 630 
14.732953713 1539 630 
14.739764524999998 1539 630 
14.746580246 1539 630 
14.753323092999999 1539 630 
14.760122200999998 1539 630 
14.766966239999999 1539 630 
14.773681146000001 1539 630 
14.780464395 1539 630 
14.787198558 1539 630 
14.794025228999999 1539 630 
14.800809609999998 1539 630 
14.807606829000001 1539 630 
14.814518077999999 1539 630 
14.821220524000001 1539 630 
14.828191431 1539 630 
14.835072095000001 1539 630 
14.841818718999999 1539 630 
14.848651808 1539 630 
14.855441098 1539 630 
14.862293067 1539 630 
14.869164669 1539 630 
14.875928284 1539 630 
14.882620535000001 1539 630 
14.889370557 1539 630 
14.896226678999998 1539 630 
14.903494742 1539 630 
14.910089578000001 1539 630 
14.916765971 1539 630 
14.923556392999998 1539 630 
14.930319253 1539 630 
14.937186701999998 1539 630 
14.944241431999998 1539 630 
14.950891394 1539 630 
14.957725994 1539 630 
14.964481302 1539 630 
14.971198095999998 1539 630 
14.978015326999998 1539 630 
14.984854835 1539 630 
14.991608255 1539 630 
14.998478346999999 1539 630 
15.005250269000001 1539 630 
15.012091287 1539 630 
15.018913427000001 1539 630 
15.025679307 1539 630 
15.032485965 1539 630 
15.039240518 1539 630 
15.046030185 1539 630 
15.052827781999998 1539 630 
15.05960499 1539 630 
15.066449029000001 1539 630 
15.073174508000001 1539 630 
15.080132199000001 1539 630 
15.086713063999998 1539 630 
15.093551816999998 1539 630 
15.100377355 1539 630 
15.107178349999998 1539 630 
15.113946873 1539 630 
15.120707843999998 1539 630 
15.127529983999999 1539 630 
15.134407249999999 1539 630 
15.14126375 1539 630 
15.147998668 1539 630 
15.154735097 1539 630 
15.161565542999998 1539 630 
15.16837409 1539 630 
15.175188299999999 1539 630 
15.182039890999999 1539 630 
15.188927352 1539 630 
15.195608275999998 1539 630 
15.202490828999998 1539 630 
15.209187611 1539 630 
15.216035804 1539 630 
15.222861341999998 1539 630 
15.229644213 1539 630 
15.236416133999999 1539 630 
15.243211464999998 1539 630 
15.250064566999999 1539 630 
15.256773432 1539 630 
15.263595194 1539 630 
15.270358808000001 1539 630 
15.277194918 1539 630 
15.284020456 1539 630 
15.290716861 1539 630 
15.297717974000001 1539 630 
15.304419287999998 1539 630 
15.311258040999999 1539 630 
15.318087731999999 1539 630 
15.324941966 1539 630 
15.331636861 1539 630 
15.338494492999999 1539 630 
15.345427641 1539 630 
15.352076848 1539 630 
15.358888038 1539 630 
15.365733588000001 1539 630 
15.372533449999999 1539 630 
15.379355212 1539 630 
15.386204537000001 1539 630 
15.392981745 1539 630 
15.399715152999999 1539 630 
15.406519167999999 1539 630 
15.413188765000001 1539 630 
15.419976922 1539 630 
15.426796795999998 1539 630 
15.433656317 1539 630 
15.440468638999999 1539 630 
15.447233386 1539 630 
