0.0 1137 322 
0.004990115000000017 1138 322 
0.009980230000000034 1138 322 
0.014970345000000052 1138 322 
0.01996046000000007 1138 322 
0.024950574000000003 1138 322 
0.02994068900000002 1138 322 
0.03493080400000004 1140 323 
0.039920919000000055 1140 323 
0.04491103400000007 1140 323 
0.04990114900000009 1140 323 
0.054891264000000106 1140 323 
0.05988137900000012 1140 323 
0.06487149400000014 1140 323 
0.06986160900000016 1141 323 
0.07485172400000017 1142 323 
0.07984183900000019 1142 323 
0.08483195400000021 1142 323 
0.08982206800000014 1142 323 
0.09481218300000016 1142 323 
0.09980229800000018 1143 324 
0.1047924130000002 1143 324 
0.10978252800000021 1144 324 
0.11477264300000023 1144 324 
0.11976275800000025 1144 324 
0.12475287300000026 1144 324 
0.12974298800000028 1144 324 
0.1347331030000003 1145 325 
0.13972321800000032 1145 325 
0.14471333300000033 1145 325 
0.14970344700000027 1145 325 
0.15469356200000028 1145 325 
0.1596836770000003 1145 325 
0.16467379200000032 1145 325 
0.16966390700000034 1145 325 
0.17465402200000035 1145 325 
0.17964413700000037 1145 325 
0.1846342520000004 1145 325 
0.1896243670000004 1145 325 
0.19461448200000042 1145 325 
0.19960459700000044 1145 325 
0.20459471200000046 1145 325 
0.20958482700000047 1145 325 
0.2145749410000004 1145 325 
0.21956505600000042 1145 325 
0.22455517100000044 1145 325 
0.22954528600000046 1145 325 
0.23453540100000048 1145 325 
0.2395255160000005 1145 325 
0.2445156310000005 1145 325 
0.24950574600000053 1145 325 
0.25449586100000055 1145 325 
0.25948597600000056 1145 325 
0.2644760910000006 1145 325 
0.2694662060000006 1145 325 
0.27445632000000053 1145 325 
0.27944643500000055 1145 325 
0.28443655000000057 1145 325 
0.2894266650000006 1145 325 
0.2944167800000006 1145 325 
0.2994068950000006 1145 325 
0.30439701000000063 1145 325 
0.30938712500000065 1145 325 
0.3143772399999998 1145 325 
0.3193673549999998 1145 325 
0.3243574699999998 1145 325 
0.32934758499999983 1145 325 
0.33433769999999985 1145 325 
0.3393278139999998 1145 325 
0.3443179289999998 1145 325 
0.3493080439999998 1145 325 
0.35429815899999983 1145 325 
0.35928827399999985 1145 325 
0.36427838899999987 1145 325 
0.3692685039999999 1145 325 
0.3742586189999999 1145 325 
0.3792487339999999 1145 325 
0.38423884899999994 1145 325 
0.38922896399999996 1145 325 
0.394219079 1145 325 
0.399209194 1145 325 
0.4041993079999999 1145 325 
0.40918942299999994 1145 325 
0.41417953799999996 1145 325 
0.419169653 1145 325 
0.424159768 1145 325 
0.429149883 1145 325 
0.434139998 1145 325 
0.43913011300000004 1145 325 
0.44412022800000006 1145 325 
0.4491103430000001 1145 325 
0.4541004580000001 1145 325 
0.4590905730000001 1145 325 
0.46408068700000005 1145 325 
0.46907080200000006 1145 325 
0.4740609170000001 1145 325 
0.4790510320000001 1145 325 
0.4840411470000001 1145 325 
0.48903126200000013 1145 325 
0.49402137700000015 1145 325 
0.49901149200000017 1145 325 
0.5040016070000002 1145 325 
0.5089917220000002 1145 325 
0.5139818370000002 1145 325 
0.5189719520000002 1145 325 
0.5239620670000003 1145 325 
0.5289521810000002 1145 325 
0.5339422960000002 1145 325 
0.5389324110000002 1145 325 
0.5439225260000002 1145 325 
0.5489126410000003 1145 325 
0.5539027560000003 1145 325 
0.5588928710000003 1145 325 
0.5638829860000003 1145 325 
0.5688731010000003 1145 325 
0.5738632160000003 1145 325 
0.5788533310000004 1145 325 
0.5838434460000004 1145 325 
0.5888335600000003 1145 325 
0.5938236750000003 1145 325 
0.5988137900000003 1145 325 
0.6038039050000004 1145 325 
0.6087940200000004 1145 325 
0.6137841350000004 1145 325 
0.6187742500000004 1145 325 
0.6237643650000004 1145 325 
0.6287544800000004 1145 325 
0.6337445950000005 1145 325 
0.6387347100000005 1145 325 
0.6437248250000005 1145 325 
0.6487149400000005 1145 325 
0.6537050540000005 1145 325 
0.6586951690000005 1145 325 
0.6636852840000005 1145 325 
0.6686753990000005 1145 325 
0.6736655140000005 1145 325 
0.6786556290000005 1145 325 
0.6836457440000006 1145 325 
0.6886358590000006 1145 325 
0.6936259740000006 1145 325 
0.6986160890000006 1145 325 
0.7036062040000006 1145 325 
0.7085963190000006 1145 325 
0.7135864340000007 1145 325 
0.7185765480000006 1145 325 
0.7235666630000006 1145 325 
0.7285567780000006 1145 325 
0.7335468930000006 1145 325 
0.7385370079999998 1145 325 
0.7435271229999998 1145 325 
0.7485172379999998 1145 325 
0.7535073529999998 1145 325 
0.7584974679999998 1145 325 
0.7634875829999999 1145 325 
0.7684776979999999 1145 325 
0.7734678129999999 1145 325 
0.7784579269999998 1145 325 
0.7834480419999998 1145 325 
0.7884381569999999 1145 325 
0.7934282719999999 1145 325 
0.7984183869999999 1145 325 
0.8034085019999999 1145 325 
0.8083986169999999 1145 325 
0.813388732 1145 325 
0.818378847 1145 325 
0.823368962 1145 325 
0.828359077 1145 325 
0.833349192 1145 325 
0.838339307 1145 325 
0.843329421 1145 325 
0.848319536 1145 325 
0.853309651 1145 325 
0.858299766 1145 325 
0.863289881 1145 325 
0.868279996 1145 325 
0.8732701110000001 1145 325 
0.8782602260000001 1145 325 
0.8832503410000001 1145 325 
0.8882404560000001 1145 325 
0.8932305710000001 1145 325 
0.8982206860000002 1145 325 
0.9032108000000001 1145 325 
0.9082009150000001 1145 325 
0.9131910300000001 1145 325 
0.9181811450000001 1156 331 
0.9231712600000002 1156 331 
0.9281613750000002 1156 331 
0.9460375860000001 1157 333 
0.9514336010000006 1157 333 
0.9582772620000002 1157 334 
0.9650053840000004 1157 335 
0.971875099 1157 335 
0.978620212 1157 335 
0.9856756970000005 1156 337 
0.9923445380000002 1156 338 
0.9990492500000006 1156 338 
1.005903484 1156 338 
1.01295104 1154 340 
1.0198207540000004 1154 341 
1.026294386 1152 342 
1.0460853120000007 1150 342 
1.0518219050000006 1149 342 
1.0585171779999998 1148 343 
1.065161099 1148 343 
1.0718635450000003 1148 343 
1.0786569880000005 1148 343 
1.085798939 1144 342 
1.0925621760000004 1143 341 
1.0992344159999998 1143 341 
1.1058492630000005 1143 341 
1.112990837 1140 340 
1.119755961 1138 338 
1.1265195760000006 1137 337 
1.1330996860000004 1137 337 
1.1398100610000004 1137 337 
1.1470339470000006 1134 332 
1.153688441 1132 329 
1.160522663 1131 327 
1.1669464540000005 1131 327 
1.173707426 1131 327 
1.1806507690000005 1129 323 
1.187249758 1128 322 
1.1943766060000005 1127 320 
1.2008430630000007 1127 320 
1.207716177 1127 320 
1.2146576320000007 1124 319 
1.2212902250000006 1123 318 
1.228239232 1121 316 
1.2348238729999998 1121 316 
1.2416637590000006 1121 316 
1.2487003650000004 1119 315 
1.2554492540000002 1119 315 
1.2622124910000005 1119 315 
1.2689470310000006 1119 315 
1.2756891240000003 1119 315 
1.2826902370000006 1119 315 
1.28922617 1119 315 
1.3130247439999998 1117 315 
1.3187409470000002 1117 315 
1.3254520780000005 1117 315 
1.3322141820000004 1117 315 
1.3388743390000002 1117 315 
1.3456791099999998 1117 315 
1.352623586 1116 316 
1.3594328880000006 1116 316 
1.3661379770000002 1116 316 
1.3729435030000001 1116 316 
1.380692227 1116 316 
1.3866380010000006 1116 316 
1.3936447770000004 1116 316 
1.400263023 1116 316 
1.407021351 1116 316 
1.4138087530000005 1116 316 
1.4205300790000006 1116 316 
1.4274462360000006 1116 316 
1.4340807180000006 1116 316 
1.4409168280000006 1116 316 
1.4481003130000003 1116 316 
1.4551490010000006 1116 316 
1.461494633 1116 316 
1.479961758 1115 331 
1.4855216440000003 1116 332 
1.4924883969999998 1116 334 
1.4992848610000005 1116 336 
1.5064842040000004 1117 340 
1.513284444 1117 342 
1.519878147 1117 345 
1.5265164040000005 1118 348 
1.5336500480000002 1118 353 
1.540208636 1118 356 
1.5470893010000006 1119 359 
1.5538276170000005 1119 362 
1.5604639870000003 1119 365 
1.5671656780000003 1120 369 
1.574210968 1120 375 
1.5811056030000001 1121 379 
1.587750657 1121 383 
1.5944836880000004 1121 387 
1.601164989 1121 391 
1.6081898900000002 1122 400 
1.6149659650000006 1122 404 
1.6216506650000007 1122 408 
1.6283848280000006 1122 412 
1.6350344130000005 1123 416 
1.6422224280000002 1123 424 
1.6488168870000006 1124 428 
1.6556261880000003 1124 432 
1.662244812 1124 436 
1.6690239070000006 1125 440 
1.6760461640000006 1125 449 
1.682869814 1126 454 
1.6896549510000005 1126 459 
1.6964045950000006 1127 464 
1.7030824980000006 1127 469 
1.709837051 1128 474 
1.7168162640000002 1129 483 
1.7235795010000006 1130 488 
1.7304533690000001 1131 493 
1.737040276 1131 497 
1.7437555600000003 1132 501 
1.750748744 1133 510 
1.757536901 1133 514 
1.7642586040000001 1134 519 
1.7709244250000005 1134 523 
1.777688039 1135 528 
1.7846834889999998 1136 536 
1.791470135 1137 540 
1.798262824 1138 543 
1.8048387799999999 1138 547 
1.8116329790000005 1139 550 
1.818627673 1139 554 
1.8253882670000001 1140 556 
1.832109215 1140 557 
1.8388052420000003 1140 559 
1.8457036530000002 1140 560 
1.8524344180000005 1140 561 
1.85929054 1140 561 
1.8662795700000006 1140 564 
1.872886866 1140 564 
1.8796674720000004 1140 565 
1.8864760180000006 1140 566 
1.8933574379999998 1140 566 
1.9002082740000006 1140 567 
1.9069201600000003 1140 567 
1.913805355 1140 567 
1.920493831 1140 567 
1.9272895400000003 1140 567 
1.9341841750000004 1140 567 
1.9410119780000006 1140 567 
1.9477536930000001 1140 567 
1.954673626 1140 567 
1.961407789 1140 567 
1.9681211850000002 1140 567 
1.9748251420000003 1140 567 
1.9815593050000002 1140 568 
1.9884622470000002 1140 568 
1.9951964100000001 1140 568 
2.0021242720000005 1140 568 
2.0088203 1140 568 
2.0156439500000003 1141 568 
2.0222599300000006 1141 569 
2.0290786710000006 1141 569 
2.0359861439999998 1142 569 
2.0427527790000006 1142 569 
2.049542069 1143 570 
2.056178439 1144 570 
2.0630519290000002 1144 570 
2.0700639920000006 1146 571 
2.0766939430000004 1147 572 
2.0834885190000003 1148 572 
2.090291402 1148 573 
2.0973559489999998 1150 574 
2.103990808 1151 574 
2.110883555 1152 575 
2.1174931170000004 1152 575 
2.124246159 1153 576 
2.1312646410000005 1155 576 
2.1380331640000003 1156 577 
2.1447378750000006 1157 577 
2.1516170300000006 1158 578 
2.1583123020000006 1159 578 
2.165263952 1161 579 
2.1720230350000005 1163 579 
2.17877721 1164 579 
2.185356187 1164 579 
2.1921107400000004 1165 579 
2.1991027910000005 1166 579 
2.2059170010000004 1166 579 
2.2126424800000004 1167 579 
2.2194287500000005 1167 579 
2.2261606470000004 1167 580 
2.2332931590000005 1166 580 
2.2399865430000006 1166 579 
2.2468347360000003 1165 579 
2.253505465 1163 579 
2.26026115 1162 579 
2.2671353960000005 1160 579 
2.274016061 1156 579 
2.280801575 1154 579 
2.287542534 1152 579 
2.2942000480000004 1149 579 
2.300935722 1147 580 
2.307959112 1142 581 
2.314763128 1139 582 
2.321445185 1137 583 
2.328203136 1134 583 
2.334888213 1131 584 
2.341881397 1126 587 
2.348618581 1123 588 
2.355382573 1120 589 
2.3620770900000005 1118 590 
2.3688199370000005 1116 592 
2.375804437 1112 596 
2.3825419979999998 1110 598 
2.389317318 1108 600 
2.396006171 1106 603 
2.4027984820000006 1105 606 
2.4098358430000006 1103 613 
2.416600967 1102 617 
2.4234336790000004 1102 621 
2.430197671 1102 625 
2.436797793 1102 628 
2.443791732 1103 636 
2.4505047510000004 1104 639 
2.4573823949999998 1105 643 
2.4639715660000006 1106 646 
2.470754438 1107 649 
2.4777948190000005 1111 655 
2.484559944 1113 658 
2.4913428150000003 1115 661 
2.49795955 1117 663 
2.504820958 1119 665 
2.5118296230000006 1124 669 
2.5189406120000006 1127 671 
2.525729147 1130 672 
2.5324780360000005 1133 673 
2.5390132140000006 1135 674 
2.546097017 1141 676 
2.5528338230000003 1143 677 
2.559623868 1146 677 
2.5664713060000004 1148 678 
2.573392372 1150 678 
2.5804414380000003 1154 678 
2.587285477 1156 678 
2.59390108 1158 678 
2.6004887410000004 1160 678 
2.607265193 1161 678 
2.614220242 1164 678 
2.62096762 1165 678 
2.627816945 1166 678 
2.6344389670000004 1167 678 
2.641345685 1167 678 
2.6482561780000005 1168 678 
2.654969197 1169 678 
2.6617245040000004 1169 678 
2.66842544 1169 678 
2.675320076 1169 678 
2.682219997 1167 679 
2.689033074 1166 679 
2.695796689 1165 679 
2.702420976 1164 680 
2.709155139 1164 680 
2.7161917450000006 1159 680 
2.7229757490000006 1157 680 
2.7297118000000005 1155 681 
2.7365324290000004 1153 681 
2.743027961 1153 681 
2.750038891 1149 680 
2.7569452310000004 1145 680 
2.763791158 1143 679 
2.770520413 1141 679 
2.7771160030000006 1141 679 
2.7839211520000005 1137 678 
2.7908694040000004 1134 676 
2.7976598260000003 1132 676 
2.804337352 1131 675 
2.811012613 1131 675 
2.817794729 1128 674 
2.8247078650000006 1127 673 
2.831578713 1126 672 
2.83828569 1126 672 
2.8452569739999998 1126 672 
2.851752128 1125 672 
2.85871284 1124 673 
2.8655047730000005 1124 674 
2.8722751840000003 1124 675 
2.8789213710000006 1124 675 
2.8856593100000003 1123 677 
2.8927340510000006 1122 681 
2.899490114 1121 682 
2.906250708 1121 684 
2.9129021810000006 1121 684 
2.919649559 1120 688 
2.926658979 1120 693 
2.933430523 1119 695 
2.94031383 1119 698 
2.9468909200000004 1119 698 
2.953788575 1119 704 
2.9606911399999998 1118 711 
2.9674838280000007 1117 714 
2.9742844450000003 1117 718 
2.98116511 1116 722 
2.9878143169999998 1116 727 
2.994711596 1114 736 
3.0015461950000004 1113 741 
3.0083672020000005 1113 746 
3.015173483 1112 751 
3.02172603 1111 756 
3.0286546470000006 1109 766 
3.0355164330000006 1108 771 
3.04223436 1107 777 
3.0490451720000005 1106 782 
3.0556211290000004 1104 787 
3.062651316 1102 798 
3.069367732 1101 804 
3.0761136000000002 1100 809 
3.0829519760000004 1098 815 
3.089607602 1097 821 
3.096650627 1095 832 
3.1034856040000003 1094 838 
3.110266965 1092 844 
3.1169584610000003 1091 850 
3.1236344770000004 1090 855 
3.130625018 1088 867 
3.1374686790000004 1088 874 
3.1442828900000004 1087 880 
3.150854315 1086 887 
3.1577145910000004 1086 893 
3.164787444 1085 907 
3.1715061260000006 1085 914 
3.178226319 1085 921 
3.184895538 1086 928 
3.191696156 1086 935 
3.198405021 1087 941 
3.2054910900000007 1089 955 
3.212158798 1090 961 
3.2189310970000005 1091 968 
3.225582193 1092 974 
3.232316733 1094 981 
3.239454531 1098 994 
3.246116198 1100 1001 
3.2529266330000004 1102 1007 
3.259484843 1104 1014 
3.266394204 1107 1020 
3.2732204969999996 1112 1032 
3.2800452790000003 1114 1038 
3.2868364570000006 1117 1043 
3.2934860420000005 1120 1048 
3.300314223 1123 1053 
3.307065377 1127 1057 
3.314161641000001 1133 1066 
3.3209071309999993 1137 1071 
3.3276873589999996 1141 1076 
3.3342331100000004 1144 1080 
3.340981621 1148 1085 
3.348103560000001 1157 1094 
3.3548018530000006 1162 1099 
3.361694978 1166 1103 
3.3682120309999997 1171 1107 
3.374979799000001 1176 1111 
3.3819612779999995 1186 1118 
3.388704881 1191 1122 
3.395461321 1196 1125 
3.4020410540000006 1202 1128 
3.408847712000001 1207 1131 
3.4157846370000007 1218 1138 
3.422519555 1218 1138 
3.4292506969999996 1218 1138 
3.4359761759999996 1236 1147 
3.4427881210000004 1242 1150 
3.4498020719999998 1254 1156 
3.456413898 1254 1156 
3.463195637000001 1254 1156 
3.470040054000001 1273 1164 
3.4767198450000008 1280 1166 
3.4838432950000007 1292 1170 
3.4904015050000003 1292 1170 
3.4972372369999993 1292 1170 
3.504114126 1310 1173 
3.5108943540000004 1315 1174 
3.5179732489999997 1326 1174 
3.524483506 1326 1174 
3.531546165000001 1337 1174 
3.5380764339999997 1342 1174 
3.54488045 1348 1173 
3.551829079 1358 1171 
3.558472245 1358 1171 
3.565563978000001 1367 1169 
3.572088206000001 1372 1167 
3.578965472000001 1377 1165 
3.5857506090000006 1385 1160 
3.5924175630000006 1385 1160 
3.599408103000001 1394 1155 
3.6060218179999994 1398 1152 
3.6128213029999996 1402 1149 
3.619815997000001 1409 1143 
3.626509004 1409 1143 
3.633381739 1416 1136 
3.6400396309999996 1419 1132 
3.6471638349999997 1422 1129 
3.654283887000001 1429 1121 
3.660598557000001 1429 1121 
3.667570219000001 1435 1113 
3.6743338329999995 1438 1110 
3.6810321260000007 1441 1106 
3.6883613570000007 1447 1098 
3.695018116000001 1447 1098 
3.7019119960000006 1453 1091 
3.708599339 1456 1087 
3.7153958030000007 1459 1083 
3.7223674650000005 1463 1076 
3.7289305839999995 1463 1076 
3.7358686410000006 1468 1068 
3.742458568000001 1470 1064 
3.7492289790000006 1472 1060 
3.7561489119999996 1476 1053 
3.762810579000001 1476 1053 
3.7697040819999996 1480 1045 
3.7765394369999994 1482 1041 
3.7831312519999996 1484 1037 
3.7898673030000003 1486 1033 
3.7967619380000004 1487 1030 
3.803590874 1491 1023 
3.810480223 1493 1019 
3.817151708 1494 1016 
3.823923251000001 1496 1013 
3.8308809419999994 1497 1010 
3.8377887930000005 1500 1003 
3.8446894689999995 1501 1000 
3.8512284229999993 1502 997 
3.857957678000001 1504 994 
3.8650803720000004 1506 988 
3.8717797969999994 1508 985 
3.8785211350000006 1509 982 
3.885210743000001 1511 979 
3.8921080209999994 1512 976 
3.899025689000001 1514 970 
3.905841787000001 1515 967 
3.912645048000001 1516 964 
3.919201748 1517 961 
3.925947616000001 1518 958 
3.9329034189999996 1519 951 
3.9397810630000007 1519 948 
3.9465020110000006 1520 945 
3.9532425929999997 1521 942 
3.9599186079999997 1521 939 
3.966850247000001 1523 934 
3.9736361380000007 1524 931 
3.9804405320000003 1525 929 
3.987124854 1526 927 
3.9937902969999994 1528 925 
4.000928095 1531 922 
4.007655839000001 1532 921 
4.014447017000001 1534 920 
4.0211219 1535 918 
4.027921007000001 1537 917 
4.034921742000001 1541 915 
4.0417200939999995 1543 914 
4.04857244 1545 913 
4.055157081 1547 912 
4.061893132000001 1549 911 
4.068848180000001 1553 909 
4.075669565000001 1555 908 
4.082518513000001 1557 907 
4.089168852999999 1560 906 
4.096027995000001 1562 905 
4.10285089 1566 904 
4.1097742209999995 1568 903 
4.11646383 1570 901 
4.123112282 1572 900 
4.129923094 1574 899 
4.136782236999999 1575 898 
4.143593804000001 1575 898 
4.150452569 1580 893 
4.157182201 1582 891 
4.163889178000001 1583 889 
4.1706897960000004 1584 887 
4.1774609620000005 1584 887 
4.184383538 1588 882 
4.191056533 1589 881 
4.197812218 1589 879 
4.20473706 1590 877 
4.211457630000001 1590 877 
4.2185199110000005 1592 873 
4.225264269000001 1593 872 
4.232026373000001 1593 870 
4.238735993 1593 869 
4.245533213000001 1593 869 
4.252545652999999 1594 864 
4.259304737 1594 863 
4.265989814 1594 862 
4.2727292629999996 1594 861 
4.279609173 1594 861 
4.286532504000001 1594 858 
4.293249675999999 1594 858 
4.299954766 1593 857 
4.3066515480000005 1593 857 
4.3137145850000005 1593 857 
4.320580146 1593 856 
4.3272999610000005 1593 856 
4.333909145000001 1593 856 
4.340659920999999 1593 856 
4.347489235 1593 856 
4.354522065 1592 854 
4.361348358 1592 854 
4.367996055 1591 854 
4.374793652 1591 853 
4.381593136 1591 853 
4.388482863000001 1590 852 
4.395336719 1589 852 
4.402024440000001 1589 852 
4.408799004 1588 852 
4.415951905000001 1587 852 
4.422631696000001 1587 852 
4.429456857000001 1586 851 
4.436047161 1586 851 
4.442814552000001 1585 851 
4.449842095 1584 851 
4.4565381230000005 1584 851 
4.463365548 1583 851 
4.470055912 1582 851 
4.4767840340000005 1581 851 
4.483908994000001 1580 851 
4.490608797000001 1579 851 
4.497370523 1578 851 
4.504122810000001 1577 851 
4.51081846 1576 851 
4.518010252000001 1574 851 
4.524654173000001 1573 851 
4.5315405019999995 1572 852 
4.538158747 1571 852 
4.544917453000001 1570 852 
4.5519989910000005 1567 852 
4.55871201 1566 853 
4.565679139999999 1565 853 
4.5721909080000005 1563 853 
4.579090452 1562 854 
4.586068910000001 1558 854 
4.592809870000001 1557 854 
4.5996101089999994 1555 855 
4.606260072 1553 855 
4.612986306000001 1551 855 
4.619892268 1548 856 
4.626813712 1546 856 
4.633444418000001 1544 856 
4.640181224 1542 857 
4.646900284 1540 857 
4.653746588 1536 858 
4.6605947809999995 1533 859 
4.667345180000001 1531 859 
4.6741152139999995 1531 859 
4.680794627 1531 859 
4.6876186550000005 1524 860 
4.694590317 1520 860 
4.701327878 1518 860 
4.70804505 1518 860 
4.714827166 1518 860 
4.721717647999999 1512 860 
4.728696106 1508 859 
4.736885845000001 1506 859 
4.742488397 1506 859 
4.749320731 1502 858 
4.755834764 1500 858 
4.7628030279999995 1495 856 
4.769626678000001 1493 856 
4.77624077 1493 856 
4.783485045 1489 854 
4.790094229 1487 854 
4.79710969 1483 852 
4.8041066500000005 1481 851 
4.810476447 1481 851 
4.81735107 1477 849 
4.823962142 1476 848 
4.831014984 1472 846 
4.837659283 1470 845 
4.844380985 1470 845 
4.851199349000001 1467 842 
4.857838362 1466 841 
4.864771888000001 1464 838 
4.8715313490000005 1463 837 
4.878223223 1463 837 
4.885243592999999 1460 834 
4.891925272000001 1460 833 
4.898891270000001 1458 830 
4.905653374000001 1457 829 
4.9122874780000005 1457 829 
4.919016733 1456 828 
4.925794695 1456 827 
4.932699524999999 1455 826 
4.9396028450000005 1455 825 
4.946281881 1455 825 
4.953128941 1454 825 
4.959863482 1453 825 
4.966779261 1452 825 
4.973578368000001 1451 825 
4.980257782 1451 825 
4.987028571000001 1449 827 
4.993837495 1448 828 
5.000934514 1445 830 
5.007644134 1443 831 
5.014288810000001 1443 831 
5.021072059000001 1440 834 
5.027810753 1438 836 
5.034779017000001 1434 838 
5.041570572 1431 839 
5.04824772 1431 839 
5.054973577000001 1426 842 
5.061795716 1424 843 
5.0687522750000005 1418 845 
5.075622367 1415 846 
5.082493970000001 1412 847 
5.089041985000001 1409 848 
5.095889800000001 1406 850 
5.102780282 1399 852 
5.109755342000001 1396 852 
5.116596361 1392 853 
5.123139468000001 1388 853 
5.129928003000001 1384 854 
5.136872856000001 1377 854 
5.1437116089999995 1373 853 
5.150397442 1369 853 
5.157210897 1365 852 
5.163795916000001 1361 851 
5.17059389 1357 850 
5.177598401 1349 849 
5.184339737999999 1345 848 
5.191104108 1341 846 
5.197773327000001 1337 845 
5.204669850000001 1334 844 
5.211658881000001 1327 841 
5.218450814 1323 839 
5.2252385939999995 1320 837 
5.231898751 1317 835 
5.238676336 1313 833 
5.24570841 1307 828 
5.25261324 1305 826 
5.259515427000001 1302 823 
5.266218251000001 1299 820 
5.272762113 1297 818 
5.279773421000001 1292 812 
5.286580079999999 1290 809 
5.293394290000001 1288 806 
5.300012536 1286 804 
5.306772752 1284 801 
5.313944909000001 1281 795 
5.320654152 1280 791 
5.327421165 1279 788 
5.334093027000001 1278 785 
5.340809821 1277 781 
5.347938934000001 1276 774 
5.3546198590000005 1275 770 
5.361450682 1275 767 
5.368045896000001 1275 763 
5.374869546 1275 760 
5.381862729000001 1275 753 
5.388679205 1275 750 
5.395567799000001 1275 747 
5.40216188 1275 743 
5.40894324 1276 739 
5.415973805000001 1277 731 
5.422800475 1278 727 
5.429592408 1278 723 
5.436164211 1279 719 
5.444264464000001 1282 711 
5.449902131000001 1283 707 
5.456546052000001 1283 707 
5.463396888000001 1283 707 
5.470135204000001 1287 696 
5.476998123 1289 692 
5.483852734 1293 686 
5.490541964999999 1293 686 
5.497259892 1293 686 
5.504273843000001 1299 676 
5.510893976999999 1301 673 
5.517878854 1306 668 
5.524544296999999 1306 668 
5.531355864000001 1306 668 
5.538176871 1315 661 
5.544953701 1318 659 
5.551916678 1324 655 
5.558631207 1324 655 
5.565386137 1324 655 
5.572147109 1334 651 
5.578903170999999 1337 649 
5.586045878000001 1344 648 
5.5925776570000005 1344 648 
5.599641071 1351 646 
5.606152839000001 1354 646 
5.612958365 1357 646 
5.619763513 1361 645 
5.626565641 1364 645 
5.633596583 1370 646 
5.640286191 1374 646 
5.646927847 1377 647 
5.6536227420000005 1380 648 
5.660600067 1383 649 
5.667409747 1388 652 
5.674140134000001 1391 654 
5.680770085 1394 655 
5.6875299230000005 1396 657 
5.694534812 1398 659 
5.701321081000001 1403 664 
5.708032590000001 1405 666 
5.714716912000001 1407 668 
5.721469577 1409 670 
5.728325321000001 1410 673 
5.735226375000001 1413 677 
5.742042473000001 1415 679 
5.748764176000001 1416 682 
5.755468888 1418 684 
5.762217399 1419 686 
5.7692151140000005 1422 691 
5.775959849 1423 694 
5.782790673 1424 697 
5.78941194 1425 700 
5.796209159000001 1426 702 
5.803311841 1427 708 
5.81002637 1428 711 
5.816924404000001 1429 713 
5.823429752 1429 715 
5.830187703000001 1430 718 
5.837270374 1431 722 
5.844091758 1431 725 
5.850798735000001 1431 727 
5.857411695000001 1431 729 
5.864163227 1431 732 
5.871151125 1432 737 
5.878649512 1432 739 
5.884866767000001 1432 742 
5.8916451069999995 1432 744 
5.898386066 1432 747 
5.905285232 1432 751 
5.9122221569999995 1432 753 
5.918857771 1432 755 
5.925515663 1432 757 
5.932728977000001 1432 759 
5.939650041999999 1432 762 
5.946353621000001 1432 764 
5.95314631 1432 766 
5.959832142000001 1432 767 
5.966780016 1432 770 
5.973664457000001 1432 772 
5.980366148000001 1432 773 
5.986960228 1432 774 
5.9937665099999995 1432 775 
6.000665298 1432 777 
6.007554647 1432 778 
6.014277860000001 1432 779 
6.020945568999999 1432 780 
6.027690682 1432 780 
6.034657813 1432 782 
6.041453144000001 1432 783 
6.048273774000001 1432 784 
6.0549290220000005 1432 785 
6.061643551 1432 786 
6.068573679000001 1432 787 
6.075527217 1432 789 
6.082203987000001 1432 790 
6.08887585 1432 790 
6.095630025000001 1432 791 
6.102403456 1432 792 
6.109331318 1432 795 
6.116188573 1432 796 
6.122925002 1432 797 
6.1296289580000005 1432 798 
6.136357080000001 1432 799 
6.143282677000001 1432 802 
6.150094998999999 1432 803 
6.156823499000001 1432 804 
6.163476859 1432 805 
6.170192899000001 1432 807 
6.177012773 1432 808 
6.183945166 1432 811 
6.1906676240000005 1432 812 
6.197577740000001 1432 814 
6.204141236000001 1432 815 
6.210966019 1432 817 
6.2178576340000005 1432 819 
6.224688458 1432 821 
6.231449806 1432 822 
6.238092972 1432 823 
6.2448792420000006 1432 823 
6.251875446000001 1433 827 
6.258627733 1434 829 
6.2654260850000005 1434 830 
6.272059812000001 1435 831 
6.278806057 1435 831 
6.2858732470000005 1438 836 
6.292653098 1439 837 
6.299373668 1440 839 
6.306108964000001 1441 840 
6.312858985000001 1441 840 
6.319934482 1446 845 
6.326572361999999 1447 846 
6.3334843659999995 1449 848 
6.340078824 1451 849 
6.3468103440000005 1451 849 
6.353808814 1458 852 
6.360536558000001 1460 853 
6.367451205000001 1463 854 
6.374012058000001 1465 854 
6.380846658 1465 854 
6.387826249000001 1473 857 
6.394508306 1476 857 
6.401282493000001 1479 858 
6.407964927000001 1481 859 
6.414737981000001 1481 859 
6.421668486000001 1490 859 
6.428540844 1493 860 
6.435241403 1496 860 
6.442142834000001 1499 860 
6.448689717 1499 860 
6.4556681750000005 1508 859 
6.462519389 1511 859 
6.469215038000001 1514 859 
6.475867644 1517 858 
6.482597654 1517 858 
6.489640678 1526 856 
6.496449225 1529 855 
6.503244179 1532 854 
6.509917551 1535 853 
6.516909225 1538 852 
6.523636591 1543 849 
6.530531604000001 1545 847 
6.537306546000001 1548 845 
6.5438991159999995 1550 844 
6.550902495 1552 842 
6.557616267999999 1557 838 
6.564530915 1559 836 
6.571246955 1561 834 
6.577897672 1564 832 
6.58483875 1566 829 
6.591617845000001 1570 825 
6.598488315 1571 823 
6.605160555 1573 820 
6.611907178 1575 818 
6.618750084999999 1577 815 
6.625434407000001 1578 813 
6.632526517 1582 808 
6.639133058 1583 805 
6.646045062 1584 803 
6.652741466999999 1586 800 
6.659448444 1587 798 
6.6663944299999995 1590 792 
6.6732388469999995 1591 789 
6.680021341000001 1592 787 
6.686765321 1593 784 
6.6934979740000005 1594 781 
6.700469636 1596 775 
6.707237403 1597 772 
6.713974587 1597 769 
6.720670615 1598 766 
6.727439138 1599 763 
6.734600723000001 1600 758 
6.741303169000001 1600 755 
6.748001084000001 1601 752 
6.754742799 1601 750 
6.761368596 1602 747 
6.768106913 1602 744 
6.775101607000001 1603 739 
6.781820289 1604 737 
6.788648093 1604 734 
6.795163636000001 1604 732 
6.8020269319999995 1605 729 
6.80895706 1605 725 
6.815745595 1605 722 
6.822588124 1605 720 
6.829211278 1606 717 
6.8360311519999994 1605 715 
6.842990353 1605 710 
6.849830239 1605 708 
6.8565262670000005 1605 706 
6.863167166999999 1604 704 
6.869960611000001 1604 702 
6.876956815000001 1603 699 
6.883786884 1602 698 
6.890598074000001 1602 697 
6.897376036 1601 696 
6.904046766 1601 695 
6.911159643 1600 694 
6.917797523 1600 694 
6.924543390999999 1600 694 
6.931253766 1600 694 
6.937992083 1600 694 
6.944962612 1599 694 
6.951672232000001 1598 694 
6.9586087789999995 1597 694 
6.965579685000001 1596 694 
6.972764681 1594 694 
6.97909672 1592 695 
6.985825974 1590 695 
6.992603559 1588 695 
6.999225581 1586 696 
7.006238399 1584 696 
7.0134434059999995 1580 697 
7.020123197000001 1577 698 
7.027134127000001 1575 698 
7.033537152 1572 699 
7.040415928000001 1570 699 
7.047311696 1564 700 
7.054154980000001 1562 701 
7.0608774379999995 1559 701 
7.067706374000001 1556 702 
7.074395983 1553 702 
7.081309497 1547 704 
7.088065938000001 1544 704 
7.094863912 1541 705 
7.1014455320000005 1537 706 
7.108217453000001 1534 706 
7.115307298 1528 708 
7.121955750000001 1525 709 
7.128705017000001 1522 709 
7.135350448 1519 710 
7.14215824 1516 711 
7.1491389629999995 1510 712 
7.155921079 1507 713 
7.1627673839999995 1504 713 
7.169318043 1501 714 
7.1760216219999995 1498 714 
7.183027266000001 1493 715 
7.189740284 1490 716 
7.196546188 1487 716 
7.203200680999999 1485 716 
7.210074172 1482 716 
7.216959745 1476 717 
7.223879678 1474 717 
7.230622148000001 1471 717 
7.237429940000001 1469 716 
7.244049696 1469 716 
7.251006254000001 1464 716 
7.257831414000001 1459 715 
7.26457766 1456 714 
7.271427741000001 1454 714 
7.27805014 1454 714 
7.28507202 1450 712 
7.291799763999999 1446 711 
7.298553184 1444 710 
7.305272244 1442 709 
7.3118731200000004 1442 709 
7.318889714 1439 708 
7.3256231220000005 1437 707 
7.33252984 1436 706 
7.339235684999999 1435 705 
7.345901128 1435 705 
7.352787456000001 1434 704 
7.359596003000001 1433 704 
7.366518579 1433 704 
7.373214984 1433 704 
7.379978975999999 1433 704 
7.386773552 1434 704 
7.393632317000001 1435 704 
7.400428026000001 1436 704 
7.407220337000001 1438 705 
7.4139167420000005 1438 705 
7.420831389000001 1441 705 
7.4277075219999995 1444 706 
7.434488882999999 1446 706 
7.441557583000001 1449 706 
7.447933422000001 1449 706 
7.454758204 1454 707 
7.461683423999999 1460 708 
7.468565599000001 1463 709 
7.475335254 1466 709 
7.481939529000001 1466 709 
7.488737504 1473 711 
7.495643844000001 1481 712 
7.502519223000001 1485 713 
7.509243191 1489 713 
7.515864457 1489 713 
7.5227013220000005 1496 714 
7.529615592 1504 715 
7.536501543000001 1508 715 
7.5432002129999995 1512 715 
7.549865656000001 1512 715 
7.556619831 1520 714 
7.563619812 1527 713 
7.570519733 1531 712 
7.577273908 1535 711 
7.583968425000001 1535 711 
7.590777349000001 1541 709 
7.597744102000001 1548 707 
7.6045658640000005 1551 706 
7.611315508 1553 704 
7.618253943 1556 703 
7.6247445659999995 1558 701 
7.631808735000001 1563 698 
7.638530061 1565 696 
7.645460944000001 1567 694 
7.652191708000001 1569 692 
7.658842804 1570 690 
7.665734796 1574 685 
7.6725939379999994 1575 683 
7.679422497 1576 681 
7.686092093 1577 678 
7.692781702 1579 676 
7.699470555 1580 673 
7.706494323 1581 668 
7.713230374000001 1582 666 
7.720037411000001 1583 663 
7.726649615 1583 661 
7.7334664680000005 1584 658 
7.740456254000001 1584 656 
7.747080919000001 1584 656 
7.754058999000001 1585 649 
7.760741056 1585 647 
7.767481259999999 1585 645 
7.774344179000001 1585 643 
7.781144796 1585 643 
7.788092293000001 1583 638 
7.794852887 1583 637 
7.801648973 1583 636 
7.8083740740000005 1582 635 
7.815200744999999 1582 635 
7.822171274 1580 633 
7.828772906 1579 633 
7.835488567 1578 632 
7.842268795 1577 632 
7.849153236 1577 632 
7.856025216 1572 631 
7.862796760000001 1570 630 
7.869425955 1568 630 
7.876335694000001 1566 629 
7.883117432 1566 629 
7.8900113119999995 1559 628 
7.896855728999999 1556 628 
7.903409408000001 1554 628 
7.910344067 1551 628 
7.917079363 1551 628 
7.924038565000001 1543 628 
7.930855418000001 1540 628 
7.937478572000001 1536 628 
7.944260688000001 1533 628 
7.951006179000001 1533 628 
7.9580571319999995 1522 628 
7.964782989000001 1519 628 
7.971409919 1515 627 
7.978181461999999 1511 627 
7.985304912000001 1503 626 
7.992079099000001 1499 626 
7.99875889 1495 626 
8.005539118000002 1490 626 
8.012345777 1486 626 
8.019297048999999 1478 626 
8.025955318000001 1473 626 
8.032731392999999 1469 625 
8.039666807 1465 625 
8.046552002999999 1461 625 
8.053537635000001 1452 625 
8.060116990000001 1448 625 
8.066880604000001 1443 624 
8.073562283000001 1439 624 
8.080503739000001 1435 623 
8.087922457000001 1426 622 
8.094478024 1422 622 
8.101255986000002 1418 621 
8.108087187999999 1414 620 
8.114805870000001 1409 620 
8.121737507999999 1401 619 
8.128446750999998 1397 618 
8.135286259 1393 618 
8.141935089 1389 617 
8.148717583 1385 616 
8.155791190999999 1377 615 
8.162617862000001 1373 614 
8.169280285 1370 613 
8.175996700999999 1366 612 
8.182709341999999 1362 611 
8.189735376000002 1355 609 
8.196515981000001 1351 607 
8.203258829 1347 606 
8.209890667 1344 605 
8.216635024999999 1340 603 
8.223732799 1333 600 
8.230445063000001 1329 599 
8.237133161 1325 597 
8.243808421 1322 595 
8.250652460000001 1318 593 
8.257654706 1311 589 
8.264414167000002 1307 587 
8.271231776 1303 585 
8.277979909999999 1300 582 
8.28453812 1296 580 
8.291636649 1289 574 
8.298394221999999 1286 571 
8.305163499999999 1282 568 
8.311921451 1279 566 
8.318850445999999 1276 563 
8.325357683 1272 560 
8.332384471000001 1266 555 
8.339150729 1263 553 
8.345889045 1260 550 
8.352444235 1258 548 
8.359327165 1255 545 
8.366353576000002 1250 540 
8.373004294000001 1248 537 
8.379901193999999 1246 534 
8.386480171999999 1244 531 
8.393246051000002 1242 528 
8.400383849 1238 522 
8.407016065 1237 518 
8.412006179999999 1235 515 
8.417337251 1234 511 
8.424121631999999 1233 508 
8.430875807 1232 505 
8.437566549 1231 501 
8.444655261000001 1229 495 
8.451484197 1229 491 
8.458349758 1228 488 
8.464864169000002 1228 485 
8.471593045999999 1227 481 
8.478606619 1227 474 
8.485453301 1227 471 
8.492156503 1228 467 
8.498937864000002 1228 464 
8.505657301 1228 461 
8.512456031 1229 457 
8.519612707 1230 451 
8.526055755000002 1230 451 
8.532863168999999 1230 451 
8.539601108 1233 441 
8.546453831000001 1235 437 
8.553368478 1237 430 
8.55994368 1237 430 
8.566822457 1237 430 
8.573486012 1242 420 
8.580301732999999 1244 416 
8.587247341000001 1248 410 
8.593971687 1248 410 
8.600893886000001 1248 410 
8.60747966 1255 401 
8.614343711 1257 398 
8.621461495999998 1262 392 
8.627951364000001 1262 392 
8.634815793000001 1262 392 
8.641579029999999 1270 383 
8.648395128 1272 381 
8.655488371 1278 375 
8.662203654999999 1278 375 
8.669136804 1284 370 
8.67569086 1287 367 
8.68237556 1290 365 
8.689345712000001 1296 360 
8.69604476 1296 360 
8.702964315 1303 356 
8.709566325 1306 354 
8.716296335 1309 352 
8.723106013999999 1312 351 
8.729860189 1315 349 
8.736788051000001 1322 346 
8.743569035 1325 344 
8.750216353999999 1328 343 
8.757060016 1332 341 
8.763833447 1335 340 
8.770817569000002 1342 337 
8.777472818 1345 336 
8.784126556 1349 335 
8.790823339 1352 334 
8.797712310000001 1355 334 
8.804696054 1361 333 
8.811509887 1365 333 
8.818184392 1368 333 
8.824874379 1371 332 
8.831827538999999 1374 332 
8.838695742999999 1381 333 
8.845482768 1384 333 
8.85223732 1387 333 
8.858928816999999 1390 333 
8.865864607999999 1394 334 
8.872689391000002 1400 335 
8.879517949 1403 336 
8.886091263 1406 338 
8.892842039000001 1409 339 
8.899682681000002 1412 341 
8.906615074000001 1418 345 
8.913477615000001 1421 347 
8.92000071 1424 350 
8.926834177 1427 352 
8.933652163000001 1431 355 
8.940566432 1437 360 
8.94732325 1439 363 
8.953941495999999 1442 365 
8.960742491000001 1445 368 
8.967648453999999 1447 371 
8.974598216 1452 377 
8.981400343 1455 380 
8.988054082000001 1457 383 
8.994844504 1459 386 
9.001636437000002 1461 389 
9.008590352999999 1465 395 
9.015408717 1467 399 
9.022116448999999 1469 401 
9.028844571 1471 404 
9.036106969999999 1474 409 
9.042633841 1475 411 
9.049398966000002 1476 413 
9.056034203 1477 415 
9.062822360000002 1478 416 
9.069902765000002 1480 419 
9.076632397000001 1480 420 
9.083467752 1480 421 
9.089940629 1480 421 
9.096703111 1481 422 
9.103635126 1480 422 
9.110583756 1480 423 
9.117431948 1479 423 
9.124006394999999 1478 423 
9.130796817 1477 423 
9.137760926999999 1476 423 
9.144407869000002 1476 423 
9.151159024000002 1476 423 
9.157972100999999 1473 424 
9.165090264 1472 424 
9.172260156 1470 424 
9.178856880000001 1470 424 
9.185808152 1467 425 
9.192472463000001 1466 425 
9.198980832 1464 425 
9.205715373 1462 426 
9.212960404 1460 426 
9.220001918000001 1456 426 
9.226658299 1454 427 
9.233347907999999 1451 427 
9.240017882 1449 427 
9.2468808 1447 427 
9.253799978 1442 427 
9.260569257 1439 428 
9.267178063 1437 428 
9.273905806999998 1434 428 
9.280857833999999 1432 429 
9.287752470000001 1426 429 
9.29447304 1424 430 
9.301249114 1421 430 
9.307867737999999 1418 431 
9.314756709000001 1415 432 
9.321714778 1410 433 
9.328442899999999 1407 433 
9.335288449 1405 434 
9.341973527 1402 434 
9.348882887999999 1400 434 
9.355828874 1395 435 
9.362547934000002 1393 436 
9.369192233 1390 437 
9.375898076999999 1388 438 
9.382749667999999 1386 439 
9.389668846 1381 441 
9.396452095 1379 442 
9.403307084000001 1377 443 
9.410135642 1375 445 
9.416756531 1373 446 
9.423713466999999 1369 448 
9.430417045999999 1367 449 
9.437041710999999 1365 450 
9.443861207000001 1362 451 
9.45066258 1360 452 
9.457642926000002 1356 454 
9.464361230000002 1354 455 
9.471161848000001 1352 456 
9.477745733999999 1350 457 
9.484648298 1348 458 
9.491519901 1344 461 
9.498295975000001 1343 462 
9.505040711 1341 463 
9.511747688 1339 464 
9.51863968 1337 465 
9.525617761 1334 467 
9.532356832000001 1333 468 
9.539018877 1331 469 
9.545785512999998 1330 470 
9.552825139 1327 473 
9.559515125 1326 474 
9.566351990000001 1325 476 
9.572994024 1324 477 
9.579782936 1323 479 
9.586774608999999 1321 482 
9.593622047 1320 484 
9.600368670000002 1320 485 
9.606917063000001 1319 486 
9.613765634 1318 487 
9.620701048 1317 489 
9.627596815 1317 490 
9.634350990000002 1316 491 
9.641039089 1315 491 
9.647726809000002 1315 492 
9.654496465000001 1314 493 
9.661586687 1313 494 
9.668286113 1313 495 
9.675144878000001 1312 496 
9.681667595 1311 496 
9.688514654999999 1310 497 
9.695498021999999 1309 497 
9.702186874999999 1308 497 
9.709058101 1307 496 
9.715627261000002 1305 496 
9.722540397 1304 495 
9.72946826 1302 493 
9.736322870999999 1300 491 
9.743016633 1299 489 
9.749641675 1298 488 
9.756524982999998 1297 486 
9.763208928000001 1296 484 
9.770301414999999 1293 480 
9.776960062 1292 478 
9.783739158 1291 476 
9.790310583 1290 474 
9.797092322000001 1289 472 
9.804074932999999 1287 469 
9.810804187999999 1286 467 
9.817682209 1285 466 
9.824174719999998 1285 465 
9.831059538000002 1285 465 
9.837962858000001 1284 462 
9.844706083000002 1283 462 
9.851430051000001 1283 462 
9.858041500999999 1283 463 
9.864942554999999 1283 463 
9.871848895 1285 465 
9.878570598 1286 466 
9.885374613 1286 468 
9.892047607999999 1287 469 
9.898830102000002 1287 469 
9.906092501 1291 475 
9.912765495999999 1292 477 
9.919451329000001 1294 479 
9.926228914 1296 481 
9.932908328 1296 481 
9.939824484999999 1301 488 
9.94669571 1303 490 
9.953406841 1304 491 
9.960078703 1306 493 
9.966823437999999 1306 493 
9.973937071000002 1310 498 
9.980608178 1312 499 
9.987368016000001 1313 500 
9.994008916999999 1314 500 
10.000767244999999 1314 500 
10.007677739000002 1316 501 
10.014484397 1316 501 
10.021319375000001 1316 501 
10.028027107 1316 500 
10.034717471 1316 500 
10.041654395000002 1316 498 
10.048538835999999 1316 496 
10.055277151999999 1316 495 
10.061901061 1315 493 
10.068757939000001 1315 493 
10.075655217000001 1314 487 
10.082497367999999 1313 485 
10.089251165 1313 483 
10.095860348999999 1312 480 
10.102739881000002 1312 480 
10.109633761000001 1311 474 
10.116472136999999 1311 473 
10.123258406000001 1310 471 
10.129922717 1310 469 
10.136918166000001 1310 468 
10.143761072 1311 465 
10.150488439 1311 464 
10.157312089000001 1312 463 
10.163958653000002 1313 462 
10.1708514 1314 461 
10.177744147999999 1317 459 
10.184590452000002 1318 458 
10.191392203 1320 457 
10.198012336000001 1322 456 
10.204905083 1324 456 
10.211478397 1327 455 
10.21857013 1333 454 
10.225384340000002 1336 453 
10.232177406000002 1339 453 
10.239089787000001 1342 452 
10.246764883 1349 451 
10.253084839 1353 450 
10.25968043 1357 450 
10.266432717 1361 449 
10.273058137 1365 448 
10.279789656999998 1369 448 
10.287196292 1377 446 
10.293920638 1381 445 
10.300800548000002 1385 444 
10.307639301000002 1389 444 
10.314126903000002 1393 443 
10.321067604 1402 440 
10.327849719 1406 439 
10.33462806 1410 438 
10.34145624 1415 437 
10.348052208999999 1419 436 
10.354994797 1429 433 
10.361806741999999 1433 432 
10.368626616 1438 431 
10.375208991000001 1442 430 
10.381990351999999 1447 429 
10.388895937000001 1456 427 
10.395773203000001 1461 427 
10.402582505000002 1466 426 
10.409237376 1470 425 
10.416001746 1475 425 
10.423083284 1484 424 
10.429838968999999 1489 424 
10.43673587 1493 423 
10.443334103000002 1498 423 
10.450008986 1502 423 
10.457221167 1511 423 
10.463818646 1516 423 
10.470594343000002 1521 424 
10.477234111000001 1525 424 
10.483966008 1529 424 
10.490963346000001 1538 425 
10.497679006999999 1542 425 
10.504509831 1546 426 
10.511065775999999 1550 426 
10.517829767999999 1554 427 
10.524821064000001 1561 428 
10.531595250999999 1565 429 
10.538321485 1568 431 
10.54501789 1572 432 
10.55184456 1575 433 
10.558750523 1581 436 
10.565522066 1584 437 
10.57231702 1587 439 
10.578951879000002 1587 439 
10.585796296000002 1587 439 
10.592904642 1597 445 
10.599740375 1599 446 
10.606491152 1602 448 
10.613254766 1602 448 
10.619871879000002 1602 448 
10.626962479 1609 455 
10.633692489000001 1610 458 
10.640420233 1611 460 
10.647088697000001 1611 460 
10.654050541 1613 464 
10.660789991000001 1614 468 
10.667683493000002 1615 470 
10.674372724000001 1615 471 
10.681145778000001 1615 471 
10.687932801999999 1615 475 
10.694573703 1615 477 
10.701544987000002 1615 481 
10.708462276999999 1614 483 
10.715018222000001 1614 483 
10.722064645 1613 486 
10.728561309 1612 488 
10.735570352 1611 492 
10.742356243 1610 493 
10.749003562999999 1610 493 
10.755948794000002 1607 496 
10.762471134000002 1606 498 
10.769520577000002 1602 501 
10.776353666999999 1601 502 
10.782871098000001 1601 502 
10.789836341 1597 504 
10.796444392000001 1595 506 
10.803667144999999 1592 508 
10.810225356 1590 509 
10.816948569000001 1590 509 
10.823760136 1586 512 
10.830458429 1584 513 
10.837252249999999 1582 515 
10.844266201 1579 517 
10.850918806 1579 517 
10.857716024999998 1576 520 
10.864510224 1575 522 
10.871218334000002 1574 523 
10.878225110999999 1572 527 
10.884862990999999 1572 527 
10.891732328 1570 531 
10.898439305 1570 533 
10.905150436 1569 535 
10.912230086000001 1569 540 
10.918786031 1569 540 
10.925777704000001 1569 546 
10.932378202999999 1569 549 
10.939124827 1570 552 
10.946144819 1571 557 
10.952780433000001 1571 557 
10.95973888 1572 563 
10.966320500000002 1573 566 
10.973260067000002 1574 569 
10.980162631999999 1575 574 
10.986877160999999 1575 574 
10.993701565999999 1577 579 
11.000340955999999 1577 582 
11.007098529 1578 584 
11.014091713 1579 589 
11.021108684000001 1579 592 
11.027791495999999 1579 594 
11.034432019 1580 597 
11.041096708000001 1580 599 
11.048107638000001 1580 603 
11.054892773999999 1579 605 
11.061686218000002 1579 607 
11.068387154 1578 609 
11.074974059999999 1577 611 
11.082105815999999 1575 614 
11.088817702 1573 615 
11.095523169 1572 617 
11.102231279000002 1570 618 
11.108927306000002 1569 620 
11.115974107 1566 622 
11.122708648 1564 623 
11.129568923 1562 624 
11.136242673000002 1560 625 
11.143038759 1559 626 
11.149960203 1555 627 
11.156825387000001 1553 628 
11.163603727000002 1552 628 
11.170276722 1550 628 
11.177125292 1549 628 
11.183959514000001 1547 629 
11.190777877999999 1547 629 
11.197647215 1546 629 
11.204424045 1545 629 
11.211261664999999 1545 629 
11.217916159000001 1545 629 
11.224944458 1543 630 
11.231416202000002 1543 630 
11.238264394000002 1543 630 
11.244959667 1543 630 
11.251761038999998 1543 630 
11.258443096 1543 630 
11.26521464 1543 630 
11.272083222 1543 630 
11.278862695 1543 630 
11.285746757999998 1543 630 
11.292382749999998 1543 630 
11.299192050999999 1543 630 
11.305953778 1543 630 
11.312686807999999 1543 630 
11.319518386999999 1543 630 
11.326204975 1543 630 
11.333108671999998 1543 630 
11.339821691000001 1543 630 
11.346652514999999 1543 630 
11.353434630999999 1543 630 
11.360181254 1543 630 
11.366964502999998 1543 630 
11.373707728 1543 630 
11.378913063999999 1543 630 
11.384237715999998 1543 630 
11.390946959 1543 630 
11.397654691 1543 630 
11.404415284999999 1543 630 
11.411187961 1543 630 
11.417941380999999 1543 630 
11.424792971999999 1543 630 
11.431789176999999 1543 630 
11.438597345999998 1543 630 
11.443587461 1543 630 
11.448859629000001 1543 630 
11.455389142999998 1543 630 
11.462193914 1543 630 
11.469000949999998 1543 630 
11.475783821 1543 630 
11.482541771999998 1543 630 
11.489306895999999 1543 630 
11.496032752999998 1543 630 
11.502759741999999 1543 630 
11.509524111000001 1543 630 
11.516297165000001 1543 630 
11.523051339999999 1543 630 
11.529784370999998 1543 630 
11.536616327 1543 630 
11.543284413999999 1543 630 
11.550122789 1543 630 
11.556843736999998 1543 630 
11.563671539999998 1543 630 
11.570531438 1543 630 
11.577240681 1543 630 
11.584108885 1543 630 
11.59086155 1543 630 
11.597699925 1543 630 
11.604417474999998 1543 630 
11.61114975 1543 630 
11.617908455999999 1543 630 
11.624681509999998 1543 630 
11.631614281000001 1543 630 
11.638248006999998 1543 630 
11.645277060999998 1543 630 
11.651856415999998 1543 630 
11.658506378999999 1543 630 
11.665283208999998 1543 630 
11.671930528 1543 630 
11.678719817999998 1543 630 
11.685518925 1543 630 
11.692248934999999 1543 630 
11.698970637999999 1543 630 
11.705760682999998 1543 630 
11.712521654 1543 630 
11.719280359999999 1543 630 
11.726024339999999 1543 630 
11.732760768999999 1543 630 
11.739533068 1543 630 
11.746202663999998 1543 630 
11.75293645 1543 630 
11.759701196999998 1543 630 
11.766476517000001 1543 630 
11.773245416999998 1543 630 
11.780081150000001 1543 630 
11.786898003000001 1543 630 
11.793643493999998 1543 630 
11.800424099 1543 630 
11.807173366 1543 630 
11.813935091999998 1543 630 
11.820799898 1543 630 
11.827559736999998 1543 630 
11.834433605000001 1543 630 
11.841065821 1543 630 
11.847921943 1543 630 
11.854665922999999 1543 630 
11.861409149 1543 630 
11.868223736000001 1543 630 
11.875002076999998 1543 630 
11.881709053999998 1543 630 
11.888456431999998 1543 630 
11.895238170999999 1543 630 
11.902027083 1543 630 
11.908688373 1543 630 
11.915476907999999 1543 630 
11.922154056 1543 630 
11.928909363999999 1543 630 
11.935679775 1543 630 
11.942480014000001 1543 630 
11.949260242999998 1543 630 
11.956133732999998 1543 630 
11.962854303 1543 630 
11.969619050999999 1543 630 
11.976338488 1543 630 
11.983119094 1543 630 
11.989912159 1543 630 
11.996646322 1543 630 
12.00343599 1543 630 
12.010106342 1543 630 
12.016862026999998 1543 630 
12.023580709 1543 630 
12.030366979 1543 630 
12.037203088999998 1543 630 
12.043923659 1543 630 
12.05082358 1543 630 
12.05752867 1543 630 
12.064305876999999 1543 630 
12.071130281999999 1543 630 
12.078038133 1543 630 
12.084698666999998 1543 630 
12.091379214 1543 630 
12.098191914000001 1543 630 
12.10493816 1543 630 
12.111660994999998 1543 630 
12.118448775000001 1543 630 
12.125205593 1543 630 
12.132009986 1543 630 
12.138693930999999 1543 630 
12.145528531 1543 630 
12.152213986 1543 630 
12.158891889 1543 630 
12.165669473999998 1543 630 
12.17235946 1543 630 
12.179148373 1543 630 
12.185935775 1543 630 
12.192694481 1543 630 
12.199412408 1543 630 
12.206096729999999 1543 630 
12.212932462999998 1543 630 
12.219668890999998 1543 630 
12.226403053999999 1543 630 
12.233190079 1543 630 
12.239984655 1543 630 
12.246690499 1543 630 
12.253597217 1543 630 
12.260210932 1543 630 
12.267029296 1543 630 
12.273815187 1543 630 
12.280639215 1543 630 
12.287455690999998 1543 630 
12.294253665 1543 630 
12.301044843 1543 630 
12.307812233 1543 630 
12.314555836 1543 630 
12.321327756999999 1543 630 
12.328083442 1543 630 
12.334918797 1543 630 
12.341630682999998 1543 630 
12.348540421 1543 630 
12.355296107000001 1543 630 
12.362092192999999 1543 630 
12.368812763000001 1543 630 
12.375523894 1543 630 
12.382309407999998 1543 630 
12.389020160999998 1543 630 
12.395906489999998 1543 630 
12.402637631999998 1543 630 
12.409440137 1543 630 
12.416115397999999 1543 630 
12.422829549 1543 630 
12.429597316999999 1543 630 
12.436368105 1543 630 
12.443197797 1543 630 
12.449945929999998 1543 630 
12.456932318 1543 630 
12.46436916 1543 630 
12.471016479 1543 630 
12.477415349999998 1543 630 
12.484195577999998 1543 630 
12.490971275 1543 630 
12.497761319999999 1543 630 
12.504759035 1543 630 
12.511799793999998 1543 630 
12.518517720999998 1543 630 
12.525455023 1543 630 
12.531907511 1543 630 
12.538745886000001 1543 630 
12.545440781 1543 630 
12.552255746 1543 630 
12.558940068999998 1543 630 
12.565739931 1543 630 
12.572382342000001 1543 630 
12.579136516999998 1543 630 
12.585926562000001 1543 630 
12.592621834 1543 630 
12.599422074 1543 630 
12.606136603 1543 630 
12.612944771999999 1543 630 
12.619657789999998 1543 630 
12.62635495 1543 630 
12.633191438 1543 630 
12.639878781 1543 630 
12.646703940999998 1543 630 
12.653453963 1543 630 
12.660183595 1543 630 
12.666946076999999 1543 630 
12.673671178 1543 630 
12.680431394 1543 630 
12.687162536999999 1543 630 
12.693954091999998 1543 630 
12.700714685999998 1543 630 
12.707494159 1543 630 
12.714250222 1543 630 
12.721069717999999 1543 630 
12.727882796 1543 630 
12.734602611 1543 630 
12.741399075 1543 630 
12.748153627 1543 630 
12.754974256 1543 630 
12.761709175 1543 630 
12.768506016 1543 630 
12.775211860999999 1543 630 
12.782052878999998 1543 630 
12.788842925 1543 630 
12.795573311999998 1543 630 
12.802401114999999 1543 630 
12.809143963 1543 630 
12.81597894 1543 630 
12.822628901999998 1543 630 
12.829401201 1543 630 
12.836212391 1543 630 
12.842874058 1543 630 
12.849704126999999 1543 630 
12.856357488 1543 630 
12.863195862999998 1543 630 
12.869946262 1543 630 
12.876726867999999 1543 630 
12.883482553 1543 630 
12.890194061999999 1543 630 
12.896996943999998 1543 630 
12.903736394 1543 630 
12.910568349999998 1543 630 
12.917321392999998 1543 630 
12.923983815 1543 630 
12.930773483 1543 630 
12.937523882 1543 630 
