0.0 1677 651 
0.004990115000000017 1681 639 
0.011401445999999815 1682 628 
0.01813976199999967 1682 628 
0.025386302999999444 1681 616 
0.03215973499999958 1674 606 
0.039202003999999846 1666 593 
0.04609021999999996 1657 583 
0.05297390600000007 1644 573 
0.05959479399999967 1627 562 
0.06630970099999978 1610 556 
0.07309936800000028 1610 556 
0.07987619800000001 1596 551 
0.08688070999999997 1583 550 
0.09353406999999958 1572 550 
0.10056463499999957 1561 554 
0.1073444849999996 1548 561 
0.11396499599999999 1548 561 
0.12073012100000025 1538 570 
0.12766138199999943 1524 584 
0.1343951670000001 1509 604 
0.141455938 1490 631 
0.14822483900000005 1467 664 
0.15492275400000022 1440 700 
0.16153344800000013 1440 700 
0.16837182400000028 1414 733 
0.17526796900000008 1401 754 
0.18202780799999996 1393 777 
0.18896661999999953 1391 790 
0.1959009009999999 1391 802 
0.20266376000000008 1392 813 
0.20936960500000001 1392 813 
0.21614379199999956 1397 821 
0.2228817310000002 1408 830 
0.22968536900000025 1424 838 
0.23657396299999967 1444 841 
0.24350144699999987 1477 841 
0.2503515279999995 1518 841 
0.2571434610000001 1518 841 
0.26387611399999944 1552 837 
0.27063142100000004 1577 829 
0.2775691010000001 1603 814 
0.28441351800000003 1618 800 
0.29127039499999974 1633 776 
0.2978033069999997 1633 776 
0.30474778299999983 1640 754 
0.3115068660000002 1643 723 
0.318400746 1643 693 
0.3252553579999997 1628 659 
0.33199707300000014 1606 621 
0.3387995779999997 1581 584 
0.34551033099999984 1581 584 
0.3523758919999995 1554 550 
0.35905530600000013 1526 519 
0.36583628899999976 1495 492 
0.37279209300000016 1465 471 
0.37962593700000014 1433 451 
0.3863147910000002 1397 438 
0.39305084200000007 1397 438 
0.3997929339999997 1366 433 
0.40656409999999976 1320 433 
0.41349687099999954 1284 434 
0.42023934100000027 1236 444 
0.42700710899999983 1194 463 
0.43368614500000024 1194 463 
0.4404339009999996 1147 499 
0.4473145660000002 1103 538 
0.4540445750000002 1070 574 
0.4611736889999998 1040 622 
0.4678123239999996 1026 659 
0.47462502399999984 1024 689 
0.48127536400000004 1024 689 
0.48806087799999975 1031 716 
0.49487810900000007 1053 749 
0.5015967909999999 1080 780 
0.5085556149999997 1112 811 
0.5152289879999996 1150 838 
0.5220533930000002 1150 838 
0.5287622579999995 1192 861 
0.5355186979999997 1239 879 
0.5423540529999995 1292 887 
0.5491625999999998 1341 888 
0.5560311819999999 1383 892 
0.5627400470000001 1418 891 
0.5695999450000002 1418 891 
0.5763862140000002 1448 885 
0.5831407659999996 1466 873 
0.5898760620000001 1478 859 
0.5967148149999995 1485 844 
0.6034878690000003 1489 825 
0.6102892419999995 1489 804 
0.617035488 1489 804 
0.623717922 1486 775 
0.6304619019999995 1478 748 
0.6373693749999996 1463 719 
0.6441299689999997 1445 687 
0.6509075539999998 1430 656 
0.6576160419999999 1430 656 
0.664666618 1415 632 
0.6713690639999994 1399 610 
0.678167416 1387 593 
0.6849642579999999 1372 581 
0.6916561319999994 1363 574 
0.6984646779999997 1352 570 
0.7052335789999997 1352 570 
0.7120070109999999 1343 570 
0.718756655 1332 570 
0.725766074 1320 575 
0.7323661960000001 1307 584 
0.7391275449999997 1285 601 
0.745782416 1285 601 
0.7525441429999997 1258 628 
0.7594391549999999 1234 654 
0.7661597259999997 1221 680 
0.7730577590000003 1217 696 
0.7797469899999996 1218 710 
0.7865732830000001 1227 729 
0.7932742189999997 1227 729 
0.8001061759999999 1237 750 
0.8070261089999997 1251 771 
0.8139128150000001 1269 789 
0.820674919 1287 806 
0.8274011530000003 1313 817 
0.8342871029999994 1343 827 
0.8409219629999996 1343 827 
0.8476802909999996 1375 834 
0.854504318 1406 837 
0.8613695019999996 1436 837 
0.8681448219999996 1452 837 
0.8748363179999998 1466 835 
0.8816139029999999 1466 835 
0.8883544849999998 1474 828 
0.8951354679999994 1479 820 
0.9018288529999996 1482 807 
0.9087990039999996 1483 795 
0.9154697330000001 1484 781 
0.9222760149999996 1484 762 
0.929922414 1484 762 
0.9357764350000002 1481 742 
0.9425336309999999 1473 714 
0.9493969269999996 1461 693 
0.9561439279999995 1451 675 
0.9630196839999998 1439 662 
0.9697462950000002 1439 662 
0.9765639039999998 1424 652 
0.9832742789999998 1411 648 
0.9901742009999994 1396 647 
0.9969744399999998 1379 650 
1.0036927449999995 1356 661 
1.0106156989999997 1329 680 
1.0172558440000001 1329 680 
1.0241342429999998 1306 699 
1.0307940229999994 1291 723 
1.0377607759999998 1281 746 
1.0448981960000001 1281 768 
1.0515640169999996 1281 790 
1.0590303099999998 1287 815 
1.0655413229999997 1287 815 
1.0723177750000001 1298 838 
1.078960564 1315 865 
1.0858869159999998 1333 890 
1.0927230259999998 1349 905 
1.0995950059999995 1370 919 
1.1067426209999995 1394 932 
1.1132317330000001 1394 932 
1.1201422269999997 1417 943 
1.1269923080000002 1435 945 
1.1337158980000002 1454 945 
1.1405697549999996 1475 943 
1.1473949149999996 1493 934 
1.153965585 1493 934 
1.1609693419999996 1504 926 
1.1677031270000002 1513 914 
1.1745309299999995 1518 904 
1.181502215 1521 894 
1.1882612979999996 1521 877 
1.195178588 1521 858 
1.201696019 1521 858 
1.2088576049999995 1521 838 
1.2154343159999996 1511 811 
1.2222338009999998 1501 780 
1.229234914 1485 756 
1.2359811599999997 1472 732 
1.2428618249999994 1458 711 
1.249556342 1458 711 
1.256372817 1442 693 
1.263202131 1428 683 
1.2699529079999996 1411 672 
1.2768184690000002 1392 665 
1.2836836529999998 1374 663 
1.2905450609999995 1355 663 
1.297150469 1355 663 
1.3040454820000003 1335 662 
1.3108162700000001 1323 662 
1.317693159 1314 664 
1.324563629 1307 670 
1.331414465 1304 676 
1.3381980909999998 1304 676 
1.3448907199999995 1303 685 
1.3518536970000001 1302 694 
1.358600698 1302 706 
1.365631263 1302 720 
1.372309166 1306 736 
1.3791003440000003 1310 755 
1.3858050559999997 1310 755 
1.3925981219999999 1314 776 
1.3994221490000003 1321 793 
1.4061933149999994 1330 809 
1.4130751129999997 1341 823 
1.4197484849999995 1355 835 
1.4265166310000001 1375 844 
1.4331590409999997 1375 844 
1.4400578300000006 1406 854 
1.4468452319999994 1435 859 
1.453760256999999 1462 860 
1.4606099599999993 1490 860 
1.4672300929999995 1520 860 
1.4740224039999994 1520 860 
1.4808105610000002 1545 858 
1.4876172200000006 1570 850 
1.4943770579999995 1589 839 
1.501241864999999 1601 829 
1.5081176210000002 1607 818 
1.5148419670000006 1612 806 
1.5216150210000006 1612 806 
1.5285111659999995 1612 791 
1.5351890699999995 1612 777 
1.5420289559999993 1606 751 
1.5488397680000006 1594 726 
1.5556207509999993 1574 698 
1.562421746 1548 667 
1.5691479800000003 1548 667 
1.5759754049999994 1512 639 
1.5826752089999996 1479 611 
1.5895094309999998 1445 581 
1.5962020599999995 1420 559 
1.6031657930000005 1402 541 
1.6097628939999993 1402 541 
1.6166597940000003 1391 531 
1.6234370019999993 1384 524 
1.6300186219999997 1379 521 
1.6370374810000001 1377 521 
1.6438388540000002 1376 522 
1.650633053 1374 527 
1.6573777879999998 1374 527 
1.664276954 1368 539 
1.6709488159999992 1359 562 
1.6777683129999996 1344 598 
1.6846618150000001 1330 634 
1.6912502319999998 1321 666 
1.697984773 1321 666 
1.7047442339999996 1317 693 
1.7116894649999992 1317 715 
1.718351886999999 1317 739 
1.7253356320000002 1322 768 
1.731948213999999 1334 797 
1.738751473999999 1349 823 
1.7454493889999991 1349 823 
1.7521571219999998 1364 845 
1.7591234969999991 1381 865 
1.7658633239999997 1406 882 
1.7727564489999992 1429 892 
1.7794324649999993 1453 897 
1.786287454 1473 898 
1.7929185370000003 1473 898 
1.7996859270000005 1494 895 
1.80660284 1518 881 
1.813350218 1538 864 
1.8201840629999992 1553 835 
1.8268208099999992 1562 800 
1.8335746069999992 1562 800 
1.8404178919999996 1562 762 
1.8470776709999992 1561 718 
1.8539115160000001 1551 670 
1.860755554999999 1535 610 
1.8676981430000001 1517 553 
1.874275986999999 1493 508 
1.881124934999999 1493 508 
1.887816054 1470 463 
1.8946121409999996 1443 425 
1.9014482509999997 1410 397 
1.9082466030000003 1380 380 
1.9151087659999995 1349 366 
1.9218414179999996 1349 366 
1.9297158769999996 1316 365 
1.9354547360000005 1278 365 
1.942157181999999 1233 373 
1.9491031680000006 1189 390 
1.9558588540000006 1152 405 
1.962699494999999 1126 420 
1.969317363 1126 420 
1.976265614999999 1118 431 
1.9829084029999997 1115 446 
1.989675793 1115 465 
1.9964752780000001 1115 493 
2.003286845 1120 525 
2.0100455509999993 1120 525 
2.0168280450000005 1123 556 
2.0236894529999994 1132 586 
2.030292973 1147 617 
2.037354876 1169 650 
2.0441203790000007 1192 678 
2.050862092999999 1222 703 
2.0576234420000006 1222 703 
2.0642964369999994 1248 725 
2.0715139039999997 1263 739 
2.078106096999999 1276 751 
2.085175551999999 1283 760 
2.0919331250000006 1292 767 
2.098762816999999 1297 769 
2.1054599770000006 1297 769 
2.1124255969999997 1299 770 
2.1193066389999995 1299 770 
2.125993982999999 1300 770 
2.1332488299999994 1300 770 
2.1400675719999995 1300 769 
